    1     0.0001   0.0014  -0.15259E-04  -0.51772E-07   0.87856E-01   0.10719E+02   0.12568E+02
    2     0.0088   0.1221  -0.13947E-02  -0.16774E-04   0.87840E-01   0.10655E+02   0.13748E+02
    3     0.0176   0.2423  -0.29102E-02  -0.60008E-04   0.87796E-01   0.10591E+02   0.14512E+02
    4     0.0264   0.3621  -0.45031E-02  -0.11490E-03   0.87742E-01   0.10528E+02   0.15089E+02
    5     0.0353   0.4814  -0.61598E-02  -0.17811E-03   0.87678E-01   0.10466E+02   0.15621E+02
    6     0.0443   0.6003  -0.78629E-02  -0.24516E-03   0.87611E-01   0.10404E+02   0.16077E+02
    7     0.0534   0.7188  -0.96115E-02  -0.31585E-03   0.87541E-01   0.10343E+02   0.16492E+02
    8     0.0626   0.8368  -0.11403E-01  -0.38942E-03   0.87467E-01   0.10281E+02   0.16890E+02
    9     0.0718   0.9543  -0.13236E-01  -0.46552E-03   0.87391E-01   0.10221E+02   0.17279E+02
   10     0.0811   1.0713  -0.15109E-01  -0.54446E-03   0.87312E-01   0.10160E+02   0.17655E+02
   11     0.0905   1.1879  -0.17022E-01  -0.62575E-03   0.87231E-01   0.10100E+02   0.18026E+02
   12     0.1000   1.3039  -0.18974E-01  -0.70926E-03   0.87147E-01   0.10039E+02   0.18386E+02
   13     0.1096   1.4195  -0.20965E-01  -0.79532E-03   0.87061E-01   0.99796E+01   0.18747E+02
   14     0.1192   1.5346  -0.23003E-01  -0.88600E-03   0.86970E-01   0.99201E+01   0.19115E+02
   15     0.1290   1.6491  -0.25068E-01  -0.97581E-03   0.86881E-01   0.98608E+01   0.19466E+02
   16     0.1388   1.7632  -0.27172E-01  -0.10679E-02   0.86788E-01   0.98017E+01   0.19823E+02
   17     0.1487   1.8767  -0.29314E-01  -0.11629E-02   0.86694E-01   0.97430E+01   0.20174E+02
   18     0.1587   1.9897  -0.31494E-01  -0.12600E-02   0.86596E-01   0.96845E+01   0.20531E+02
   19     0.1687   2.1021  -0.33713E-01  -0.13601E-02   0.86496E-01   0.96262E+01   0.20886E+02
   20     0.1789   2.2140  -0.35969E-01  -0.14627E-02   0.86394E-01   0.95682E+01   0.21238E+02
   21     0.1891   2.3254  -0.38264E-01  -0.15679E-02   0.86288E-01   0.95105E+01   0.21597E+02
   22     0.1995   2.4362  -0.40598E-01  -0.16759E-02   0.86181E-01   0.94531E+01   0.21953E+02
   23     0.2099   2.5465  -0.42970E-01  -0.17868E-02   0.86070E-01   0.93960E+01   0.22311E+02
   24     0.2204   2.6562  -0.45380E-01  -0.19007E-02   0.85956E-01   0.93391E+01   0.22671E+02
   25     0.2310   2.7653  -0.47830E-01  -0.20180E-02   0.85838E-01   0.92824E+01   0.23032E+02
   26     0.2417   2.8738  -0.50319E-01  -0.21388E-02   0.85718E-01   0.92260E+01   0.23397E+02
   27     0.2525   2.9818  -0.52847E-01  -0.22624E-02   0.85594E-01   0.91700E+01   0.23760E+02
   28     0.2634   3.0892  -0.55415E-01  -0.23900E-02   0.85466E-01   0.91142E+01   0.24127E+02
   29     0.2744   3.1959  -0.58022E-01  -0.25209E-02   0.85336E-01   0.90586E+01   0.24496E+02
   30     0.2855   3.3021  -0.60669E-01  -0.26556E-02   0.85201E-01   0.90034E+01   0.24867E+02
   31     0.2967   3.4077  -0.63357E-01  -0.27945E-02   0.85062E-01   0.89484E+01   0.25237E+02
   32     0.3079   3.5127  -0.66085E-01  -0.29373E-02   0.84919E-01   0.88937E+01   0.25611E+02
   33     0.3193   3.6170  -0.68838E-01  -0.30801E-02   0.84776E-01   0.88392E+01   0.25989E+02
   34     0.3308   3.7207  -0.71648E-01  -0.32313E-02   0.84625E-01   0.87851E+01   0.26367E+02
   35     0.3423   3.8238  -0.74499E-01  -0.33870E-02   0.84469E-01   0.87312E+01   0.26742E+02
   36     0.3540   3.9263  -0.77392E-01  -0.35474E-02   0.84309E-01   0.86776E+01   0.27126E+02
   37     0.3658   4.0281  -0.80326E-01  -0.37123E-02   0.84144E-01   0.86243E+01   0.27508E+02
   38     0.3777   4.1293  -0.83302E-01  -0.38820E-02   0.83974E-01   0.85713E+01   0.27892E+02
   39     0.3896   4.2299  -0.86321E-01  -0.40569E-02   0.83799E-01   0.85186E+01   0.28279E+02
   40     0.4017   4.3298  -0.89382E-01  -0.42371E-02   0.83619E-01   0.84662E+01   0.28668E+02
   41     0.4139   4.4291  -0.92487E-01  -0.44226E-02   0.83434E-01   0.84141E+01   0.29058E+02
   42     0.4262   4.5276  -0.95635E-01  -0.46131E-02   0.83243E-01   0.83623E+01   0.29452E+02
   43     0.4386   4.6256  -0.98826E-01  -0.48090E-02   0.83047E-01   0.83108E+01   0.29843E+02
   44     0.4511   4.7229  -0.10206E+00  -0.50108E-02   0.82846E-01   0.82596E+01   0.30237E+02
   45     0.4637   4.8195  -0.10534E+00  -0.52184E-02   0.82638E-01   0.82087E+01   0.30636E+02
   46     0.4764   4.9154  -0.10866E+00  -0.54317E-02   0.82425E-01   0.81581E+01   0.31034E+02
   47     0.4893   5.0106  -0.11203E+00  -0.56511E-02   0.82205E-01   0.81078E+01   0.31434E+02
   48     0.5022   5.1052  -0.11545E+00  -0.58768E-02   0.81980E-01   0.80578E+01   0.31834E+02
   49     0.5153   5.1991  -0.11891E+00  -0.61091E-02   0.81747E-01   0.80081E+01   0.32234E+02
   50     0.5285   5.2923  -0.12241E+00  -0.63474E-02   0.81509E-01   0.79587E+01   0.32639E+02
   51     0.5417   5.3849  -0.12596E+00  -0.65922E-02   0.81264E-01   0.79096E+01   0.33040E+02
   52     0.5552   5.4767  -0.12955E+00  -0.68438E-02   0.81013E-01   0.78609E+01   0.33445E+02
   53     0.5687   5.5679  -0.13319E+00  -0.71019E-02   0.80755E-01   0.78124E+01   0.33854E+02
   54     0.5823   5.6583  -0.13688E+00  -0.73673E-02   0.80489E-01   0.77643E+01   0.34258E+02
   55     0.5961   5.7481  -0.14062E+00  -0.76391E-02   0.80217E-01   0.77165E+01   0.34666E+02
   56     0.6099   5.8371  -0.14440E+00  -0.79184E-02   0.79938E-01   0.76690E+01   0.35077E+02
   57     0.6239   5.9255  -0.14823E+00  -0.82050E-02   0.79651E-01   0.76218E+01   0.35486E+02
   58     0.6381   6.0132  -0.15210E+00  -0.84989E-02   0.79358E-01   0.75749E+01   0.35896E+02
   59     0.6523   6.1001  -0.15602E+00  -0.88001E-02   0.79056E-01   0.75284E+01   0.36307E+02
   60     0.6667   6.1864  -0.16000E+00  -0.91090E-02   0.78747E-01   0.74822E+01   0.36716E+02
   61     0.6812   6.2719  -0.16401E+00  -0.94256E-02   0.78431E-01   0.74362E+01   0.37128E+02
   62     0.6958   6.3568  -0.16808E+00  -0.97495E-02   0.78107E-01   0.73906E+01   0.37537E+02
   63     0.7105   6.4409  -0.17219E+00  -0.10081E-01   0.77775E-01   0.73454E+01   0.37951E+02
   64     0.7254   6.5244  -0.17636E+00  -0.10421E-01   0.77435E-01   0.73004E+01   0.38358E+02
   65     0.7404   6.6071  -0.18057E+00  -0.10770E-01   0.77087E-01   0.72558E+01   0.38769E+02
   66     0.7555   6.6891  -0.18483E+00  -0.11125E-01   0.76731E-01   0.72115E+01   0.39178E+02
   67     0.7708   6.7704  -0.18914E+00  -0.11489E-01   0.76367E-01   0.71675E+01   0.39587E+02
   68     0.7862   6.8511  -0.19350E+00  -0.11862E-01   0.75994E-01   0.71238E+01   0.39997E+02
   69     0.8017   6.9310  -0.19791E+00  -0.12243E-01   0.75613E-01   0.70805E+01   0.40405E+02
   70     0.8174   7.0102  -0.20237E+00  -0.12634E-01   0.75223E-01   0.70375E+01   0.40813E+02
   71     0.8332   7.0886  -0.20688E+00  -0.13033E-01   0.74824E-01   0.69948E+01   0.41221E+02
   72     0.8491   7.1664  -0.21144E+00  -0.13440E-01   0.74416E-01   0.69525E+01   0.41625E+02
   73     0.8652   7.2435  -0.21605E+00  -0.13857E-01   0.74000E-01   0.69105E+01   0.42030E+02
   74     0.8814   7.3199  -0.22072E+00  -0.14283E-01   0.73574E-01   0.68688E+01   0.42434E+02
   75     0.8977   7.3956  -0.22543E+00  -0.14718E-01   0.73139E-01   0.68274E+01   0.42835E+02
   76     0.9142   7.4705  -0.23020E+00  -0.15162E-01   0.72694E-01   0.67864E+01   0.43236E+02
   77     0.9309   7.5448  -0.23502E+00  -0.15617E-01   0.72240E-01   0.67457E+01   0.43635E+02
   78     0.9477   7.6184  -0.23989E+00  -0.16080E-01   0.71776E-01   0.67053E+01   0.44032E+02
   79     0.9646   7.6913  -0.24481E+00  -0.16554E-01   0.71303E-01   0.66653E+01   0.44427E+02
   80     0.9817   7.7635  -0.24978E+00  -0.17036E-01   0.70820E-01   0.66256E+01   0.44820E+02
   81     0.9989   7.8350  -0.25481E+00  -0.17529E-01   0.70328E-01   0.65862E+01   0.45215E+02
   82     1.0163   7.9058  -0.25989E+00  -0.18031E-01   0.69826E-01   0.65471E+01   0.45605E+02
   83     1.0338   7.9759  -0.26502E+00  -0.18544E-01   0.69313E-01   0.65084E+01   0.45989E+02
   84     1.0515   8.0453  -0.27021E+00  -0.19067E-01   0.68789E-01   0.64700E+01   0.46372E+02
   85     1.0693   8.1141  -0.27545E+00  -0.19601E-01   0.68255E-01   0.64320E+01   0.46754E+02
   86     1.0873   8.1821  -0.28075E+00  -0.20145E-01   0.67712E-01   0.63943E+01   0.47131E+02
   87     1.1055   8.2495  -0.28609E+00  -0.20699E-01   0.67157E-01   0.63569E+01   0.47507E+02
   88     1.1238   8.3162  -0.29150E+00  -0.21264E-01   0.66592E-01   0.63198E+01   0.47875E+02
   89     1.1423   8.3823  -0.29696E+00  -0.21840E-01   0.66016E-01   0.62831E+01   0.48241E+02
   90     1.1609   8.4477  -0.30247E+00  -0.22427E-01   0.65430E-01   0.62467E+01   0.48606E+02
   91     1.1797   8.5124  -0.30804E+00  -0.23025E-01   0.64832E-01   0.62107E+01   0.48966E+02
   92     1.1986   8.5764  -0.31366E+00  -0.23634E-01   0.64223E-01   0.61750E+01   0.49322E+02
   93     1.2177   8.6398  -0.31934E+00  -0.24253E-01   0.63604E-01   0.61396E+01   0.49671E+02
   94     1.2370   8.7025  -0.32507E+00  -0.24884E-01   0.62972E-01   0.61046E+01   0.50020E+02
   95     1.2565   8.7646  -0.33086E+00  -0.25526E-01   0.62330E-01   0.60698E+01   0.50364E+02
   96     1.2761   8.8260  -0.33670E+00  -0.26180E-01   0.61677E-01   0.60355E+01   0.50700E+02
   97     1.2959   8.8868  -0.34260E+00  -0.26845E-01   0.61011E-01   0.60014E+01   0.51034E+02
   98     1.3158   8.9469  -0.34856E+00  -0.27522E-01   0.60335E-01   0.59677E+01   0.51363E+02
   99     1.3360   9.0065  -0.35457E+00  -0.28210E-01   0.59647E-01   0.59344E+01   0.51685E+02
  100     1.3563   9.0653  -0.36063E+00  -0.28909E-01   0.58947E-01   0.59013E+01   0.52000E+02
  101     1.3767   9.1236  -0.36676E+00  -0.29621E-01   0.58236E-01   0.58686E+01   0.52313E+02
  102     1.3974   9.1812  -0.37294E+00  -0.30344E-01   0.57512E-01   0.58362E+01   0.52620E+02
  103     1.4183   9.2382  -0.37918E+00  -0.31080E-01   0.56776E-01   0.58041E+01   0.52922E+02
  104     1.4393   9.2945  -0.38547E+00  -0.31828E-01   0.56029E-01   0.57724E+01   0.53217E+02
  105     1.4605   9.3503  -0.39182E+00  -0.32587E-01   0.55269E-01   0.57410E+01   0.53507E+02
  106     1.4819   9.4054  -0.39823E+00  -0.33360E-01   0.54497E-01   0.57099E+01   0.53791E+02
  107     1.5035   9.4600  -0.40469E+00  -0.34144E-01   0.53712E-01   0.56792E+01   0.54069E+02
  108     1.5252   9.5139  -0.41122E+00  -0.34942E-01   0.52915E-01   0.56488E+01   0.54341E+02
  109     1.5472   9.5673  -0.41780E+00  -0.35752E-01   0.52105E-01   0.56187E+01   0.54608E+02
  110     1.5693   9.6200  -0.42444E+00  -0.36575E-01   0.51282E-01   0.55890E+01   0.54868E+02
  111     1.5917   9.6722  -0.43114E+00  -0.37410E-01   0.50447E-01   0.55596E+01   0.55121E+02
  112     1.6142   9.7238  -0.43790E+00  -0.38258E-01   0.49598E-01   0.55305E+01   0.55365E+02
  113     1.6369   9.7748  -0.44472E+00  -0.39121E-01   0.48736E-01   0.55018E+01   0.55606E+02
  114     1.6598   9.8252  -0.45160E+00  -0.39996E-01   0.47861E-01   0.54734E+01   0.55839E+02
  115     1.6830   9.8751  -0.45853E+00  -0.40884E-01   0.46972E-01   0.54453E+01   0.56065E+02
  116     1.7063   9.9244  -0.46553E+00  -0.41786E-01   0.46071E-01   0.54176E+01   0.56285E+02
  117     1.7298   9.9731  -0.47258E+00  -0.42701E-01   0.45156E-01   0.53902E+01   0.56497E+02
  118     1.7536  10.0213  -0.47970E+00  -0.43629E-01   0.44227E-01   0.53632E+01   0.56698E+02
  119     1.7775  10.0689  -0.48688E+00  -0.44573E-01   0.43284E-01   0.53364E+01   0.56896E+02
  120     1.8016  10.1160  -0.49412E+00  -0.45530E-01   0.42326E-01   0.53100E+01   0.57084E+02
  121     1.8260  10.1626  -0.50141E+00  -0.46500E-01   0.41356E-01   0.52840E+01   0.57264E+02
  122     1.8506  10.2086  -0.50877E+00  -0.47484E-01   0.40372E-01   0.52582E+01   0.57436E+02
  123     1.8753  10.2541  -0.51619E+00  -0.48482E-01   0.39374E-01   0.52328E+01   0.57604E+02
  124     1.9003  10.2990  -0.52367E+00  -0.49496E-01   0.38361E-01   0.52078E+01   0.57759E+02
  125     1.9256  10.3434  -0.53122E+00  -0.50524E-01   0.37333E-01   0.51831E+01   0.57905E+02
  126     1.9510  10.3873  -0.53882E+00  -0.51566E-01   0.36291E-01   0.51587E+01   0.58041E+02
  127     1.9766  10.4307  -0.54649E+00  -0.52622E-01   0.35234E-01   0.51346E+01   0.58171E+02
  128     2.0025  10.4736  -0.55423E+00  -0.53695E-01   0.34162E-01   0.51109E+01   0.58288E+02
  129     2.0286  10.5160  -0.56202E+00  -0.54782E-01   0.33075E-01   0.50875E+01   0.58395E+02
  130     2.0550  10.5579  -0.56988E+00  -0.55883E-01   0.31974E-01   0.50644E+01   0.58498E+02
  131     2.0815  10.5993  -0.57779E+00  -0.56999E-01   0.30858E-01   0.50417E+01   0.58589E+02
  132     2.1083  10.6402  -0.58578E+00  -0.58130E-01   0.29726E-01   0.50193E+01   0.58669E+02
  133     2.1353  10.6806  -0.59382E+00  -0.59277E-01   0.28579E-01   0.49972E+01   0.58743E+02
  134     2.1626  10.7205  -0.60193E+00  -0.60437E-01   0.27419E-01   0.49754E+01   0.58809E+02
  135     2.1901  10.7600  -0.61009E+00  -0.61613E-01   0.26243E-01   0.49540E+01   0.58870E+02
  136     2.2178  10.7990  -0.61833E+00  -0.62805E-01   0.25052E-01   0.49329E+01   0.58913E+02
  137     2.2458  10.8375  -0.62662E+00  -0.64010E-01   0.23846E-01   0.49121E+01   0.58948E+02
  138     2.2740  10.8756  -0.63497E+00  -0.65231E-01   0.22626E-01   0.48917E+01   0.58980E+02
  139     2.3025  10.9132  -0.64339E+00  -0.66469E-01   0.21388E-01   0.48716E+01   0.58999E+02
  140     2.3312  10.9504  -0.65187E+00  -0.67722E-01   0.20134E-01   0.48517E+01   0.59011E+02
  141     2.3602  10.9871  -0.66042E+00  -0.68991E-01   0.18866E-01   0.48322E+01   0.59014E+02
  142     2.3894  11.0234  -0.66904E+00  -0.70278E-01   0.17579E-01   0.48131E+01   0.59006E+02
  143     2.4188  11.0592  -0.67773E+00  -0.71584E-01   0.16272E-01   0.47943E+01   0.58987E+02
  144     2.4486  11.0946  -0.68649E+00  -0.72904E-01   0.14953E-01   0.47758E+01   0.58962E+02
  145     2.4785  11.1296  -0.69530E+00  -0.74239E-01   0.13618E-01   0.47576E+01   0.58931E+02
  146     2.5088  11.1641  -0.70418E+00  -0.75592E-01   0.12265E-01   0.47398E+01   0.58886E+02
  147     2.5393  11.1982  -0.71313E+00  -0.76963E-01   0.10894E-01   0.47222E+01   0.58833E+02
  148     2.5701  11.2320  -0.72215E+00  -0.78350E-01   0.95067E-02   0.47050E+01   0.58777E+02
  149     2.6011  11.2653  -0.73123E+00  -0.79754E-01   0.81021E-02   0.46881E+01   0.58702E+02
  150     2.6324  11.2982  -0.74038E+00  -0.81175E-01   0.66815E-02   0.46715E+01   0.58614E+02
  151     2.6640  11.3306  -0.74959E+00  -0.82614E-01   0.52428E-02   0.46552E+01   0.58520E+02
  152     2.6958  11.3627  -0.75888E+00  -0.84071E-01   0.37855E-02   0.46392E+01   0.58414E+02
  153     2.7280  11.3944  -0.76823E+00  -0.85545E-01   0.23119E-02   0.46235E+01   0.58292E+02
  154     2.7604  11.4258  -0.77765E+00  -0.87034E-01   0.82207E-03   0.46081E+01   0.58169E+02
  155     2.7931  11.4567  -0.78714E+00  -0.88546E-01  -0.68937E-03   0.45931E+01   0.58036E+02
  156     2.8260  11.4872  -0.79671E+00  -0.90077E-01  -0.22202E-02   0.45783E+01   0.57894E+02
  157     2.8593  11.5174  -0.80633E+00  -0.91622E-01  -0.37655E-02   0.45638E+01   0.57744E+02
  158     2.8929  11.5472  -0.81602E+00  -0.93185E-01  -0.53286E-02   0.45496E+01   0.57579E+02
  159     2.9267  11.5766  -0.82578E+00  -0.94766E-01  -0.69095E-02   0.45357E+01   0.57410E+02
  160     2.9608  11.6057  -0.83559E+00  -0.96361E-01  -0.85044E-02   0.45221E+01   0.57233E+02
  161     2.9953  11.6344  -0.84549E+00  -0.97978E-01  -0.10122E-01   0.45088E+01   0.57044E+02
  162     3.0300  11.6628  -0.85546E+00  -0.99617E-01  -0.11761E-01   0.44957E+01   0.56842E+02
  163     3.0651  11.6908  -0.86550E+00  -0.10127E+00  -0.13418E-01   0.44830E+01   0.56635E+02
  164     3.1004  11.7184  -0.87562E+00  -0.10295E+00  -0.15095E-01   0.44705E+01   0.56419E+02
  165     3.1360  11.7458  -0.88580E+00  -0.10465E+00  -0.16789E-01   0.44583E+01   0.56197E+02
  166     3.1720  11.7727  -0.89605E+00  -0.10636E+00  -0.18503E-01   0.44464E+01   0.55970E+02
  167     3.2083  11.7994  -0.90637E+00  -0.10809E+00  -0.20238E-01   0.44347E+01   0.55726E+02
  168     3.2449  11.8257  -0.91677E+00  -0.10985E+00  -0.21992E-01   0.44233E+01   0.55476E+02
  169     3.2818  11.8517  -0.92724E+00  -0.11162E+00  -0.23767E-01   0.44122E+01   0.55214E+02
  170     3.3190  11.8773  -0.93777E+00  -0.11342E+00  -0.25561E-01   0.44013E+01   0.54940E+02
  171     3.3565  11.9026  -0.94839E+00  -0.11523E+00  -0.27376E-01   0.43907E+01   0.54663E+02
  172     3.3944  11.9277  -0.95907E+00  -0.11707E+00  -0.29210E-01   0.43803E+01   0.54381E+02
  173     3.4326  11.9524  -0.96982E+00  -0.11892E+00  -0.31063E-01   0.43702E+01   0.54088E+02
  174     3.4712  11.9768  -0.98065E+00  -0.12080E+00  -0.32939E-01   0.43603E+01   0.53786E+02
  175     3.5100  12.0009  -0.99155E+00  -0.12269E+00  -0.34835E-01   0.43506E+01   0.53477E+02
  176     3.5492  12.0246  -0.10025E+01  -0.12461E+00  -0.36751E-01   0.43412E+01   0.53164E+02
  177     3.5888  12.0481  -0.10136E+01  -0.12654E+00  -0.38688E-01   0.43320E+01   0.52840E+02
  178     3.6287  12.0713  -0.10247E+01  -0.12850E+00  -0.40647E-01   0.43231E+01   0.52510E+02
  179     3.6689  12.0942  -0.10359E+01  -0.13049E+00  -0.42629E-01   0.43144E+01   0.52170E+02
  180     3.7095  12.1169  -0.10472E+01  -0.13249E+00  -0.44632E-01   0.43058E+01   0.51824E+02
  181     3.7505  12.1392  -0.10585E+01  -0.13451E+00  -0.46657E-01   0.42976E+01   0.51471E+02
  182     3.7918  12.1612  -0.10699E+01  -0.13656E+00  -0.48705E-01   0.42895E+01   0.51114E+02
  183     3.8334  12.1830  -0.10814E+01  -0.13863E+00  -0.50775E-01   0.42816E+01   0.50744E+02
  184     3.8754  12.2045  -0.10930E+01  -0.14072E+00  -0.52866E-01   0.42739E+01   0.50369E+02
  185     3.9178  12.2257  -0.11047E+01  -0.14283E+00  -0.54978E-01   0.42665E+01   0.49986E+02
  186     3.9606  12.2467  -0.11164E+01  -0.14497E+00  -0.57114E-01   0.42592E+01   0.49598E+02
  187     4.0037  12.2674  -0.11282E+01  -0.14713E+00  -0.59273E-01   0.42521E+01   0.49203E+02
  188     4.0472  12.2878  -0.11401E+01  -0.14931E+00  -0.61455E-01   0.42452E+01   0.48802E+02
  189     4.0911  12.3080  -0.11520E+01  -0.15151E+00  -0.63658E-01   0.42385E+01   0.48397E+02
  190     4.1353  12.3279  -0.11640E+01  -0.15374E+00  -0.65884E-01   0.42319E+01   0.47990E+02
  191     4.1800  12.3476  -0.11762E+01  -0.15599E+00  -0.68135E-01   0.42256E+01   0.47573E+02
  192     4.2250  12.3670  -0.11883E+01  -0.15827E+00  -0.70409E-01   0.42194E+01   0.47156E+02
  193     4.2705  12.3862  -0.12006E+01  -0.16056E+00  -0.72706E-01   0.42134E+01   0.46721E+02
  194     4.3163  12.4051  -0.12130E+01  -0.16289E+00  -0.75030E-01   0.42075E+01   0.46309E+02
  195     4.3625  12.4238  -0.12254E+01  -0.16523E+00  -0.77377E-01   0.42018E+01   0.45741E+02
  196     4.4091  12.4423  -0.12379E+01  -0.16760E+00  -0.79747E-01   0.41963E+01   0.45401E+02
  197     4.4561  12.4605  -0.12505E+01  -0.17000E+00  -0.82142E-01   0.41909E+01   0.44973E+02
  198     4.5036  12.4785  -0.12632E+01  -0.17242E+00  -0.84566E-01   0.41857E+01   0.44522E+02
  199     4.5514  12.4962  -0.12759E+01  -0.17486E+00  -0.87006E-01   0.41806E+01   0.44063E+02
  200     4.5997  12.5138  -0.12887E+01  -0.17731E+00  -0.89455E-01   0.41756E+01   0.43607E+02
  201     4.6484  12.5311  -0.13013E+01  -0.17972E+00  -0.91860E-01   0.41706E+01   0.43167E+02
  202     4.6975  12.5482  -0.13147E+01  -0.18236E+00  -0.94502E-01   0.41662E+01   0.42664E+02
  203     4.7470  12.5650  -0.13277E+01  -0.18488E+00  -0.97026E-01   0.41616E+01   0.42199E+02
  204     4.7970  12.5817  -0.13408E+01  -0.18746E+00  -0.99599E-01   0.41572E+01   0.41713E+02
  205     4.8474  12.5981  -0.13541E+01  -0.19005E+00  -0.10219E+00   0.41529E+01   0.41333E+02
  206     4.8982  12.6144  -0.13674E+01  -0.19266E+00  -0.10481E+00   0.41487E+01   0.40815E+02
  207     4.9495  12.6304  -0.13808E+01  -0.19531E+00  -0.10745E+00   0.41446E+01   0.40294E+02
  208     5.0012  12.6462  -0.13942E+01  -0.19798E+00  -0.11012E+00   0.41407E+01   0.39810E+02
  209     5.0534  12.6619  -0.14078E+01  -0.20068E+00  -0.11282E+00   0.41369E+01   0.39330E+02
  210     5.1060  12.6773  -0.14215E+01  -0.20340E+00  -0.11555E+00   0.41332E+01   0.38851E+02
  211     5.1591  12.6925  -0.14352E+01  -0.20616E+00  -0.11830E+00   0.41295E+01   0.38357E+02
  212     5.2126  12.7076  -0.14490E+01  -0.20893E+00  -0.12108E+00   0.41260E+01   0.37866E+02
  213     5.2667  12.7224  -0.14629E+01  -0.21174E+00  -0.12388E+00   0.41226E+01   0.37379E+02
  214     5.3211  12.7371  -0.14769E+01  -0.21457E+00  -0.12671E+00   0.41193E+01   0.36887E+02
  215     5.3761  12.7515  -0.14910E+01  -0.21743E+00  -0.12957E+00   0.41161E+01   0.36391E+02
  216     5.4315  12.7658  -0.15051E+01  -0.22031E+00  -0.13246E+00   0.41130E+01   0.35896E+02
  217     5.4874  12.7799  -0.15194E+01  -0.22323E+00  -0.13537E+00   0.41100E+01   0.35400E+02
  218     5.5438  12.7938  -0.15337E+01  -0.22617E+00  -0.13831E+00   0.41070E+01   0.34904E+02
  219     5.6007  12.8076  -0.15481E+01  -0.22913E+00  -0.14128E+00   0.41042E+01   0.34406E+02
  220     5.6581  12.8211  -0.15626E+01  -0.23213E+00  -0.14427E+00   0.41014E+01   0.33910E+02
  221     5.7160  12.8345  -0.15772E+01  -0.23515E+00  -0.14730E+00   0.40987E+01   0.33415E+02
  222     5.7744  12.8477  -0.15919E+01  -0.23820E+00  -0.15035E+00   0.40961E+01   0.32919E+02
  223     5.8333  12.8608  -0.16067E+01  -0.24129E+00  -0.15343E+00   0.40935E+01   0.32426E+02
  224     5.8927  12.8737  -0.16215E+01  -0.24439E+00  -0.15654E+00   0.40910E+01   0.31930E+02
  225     5.9526  12.8864  -0.16365E+01  -0.24753E+00  -0.15967E+00   0.40886E+01   0.31440E+02
  226     6.0131  12.8990  -0.16515E+01  -0.25070E+00  -0.16284E+00   0.40863E+01   0.30946E+02
  227     6.0740  12.9114  -0.16666E+01  -0.25389E+00  -0.16603E+00   0.40840E+01   0.30455E+02
  228     6.1355  12.9236  -0.16818E+01  -0.25712E+00  -0.16926E+00   0.40818E+01   0.29965E+02
  229     6.1976  12.9357  -0.16971E+01  -0.26037E+00  -0.17251E+00   0.40797E+01   0.29473E+02
  230     6.2602  12.9476  -0.17125E+01  -0.26365E+00  -0.17580E+00   0.40776E+01   0.28988E+02
  231     6.3233  12.9594  -0.17280E+01  -0.26696E+00  -0.17911E+00   0.40756E+01   0.28503E+02
  232     6.3869  12.9710  -0.17436E+01  -0.27030E+00  -0.18245E+00   0.40737E+01   0.28023E+02
  233     6.4512  12.9825  -0.17592E+01  -0.27368E+00  -0.18582E+00   0.40718E+01   0.27540E+02
  234     6.5159  12.9938  -0.17750E+01  -0.27708E+00  -0.18922E+00   0.40699E+01   0.27063E+02
  235     6.5813  13.0050  -0.17909E+01  -0.28051E+00  -0.19265E+00   0.40681E+01   0.26589E+02
  236     6.6472  13.0160  -0.18068E+01  -0.28397E+00  -0.19611E+00   0.40664E+01   0.26114E+02
  237     6.7137  13.0269  -0.18228E+01  -0.28746E+00  -0.19961E+00   0.40647E+01   0.25642E+02
  238     6.7807  13.0377  -0.18390E+01  -0.29099E+00  -0.20313E+00   0.40630E+01   0.25180E+02
  239     6.8484  13.0483  -0.18552E+01  -0.29454E+00  -0.20668E+00   0.40614E+01   0.24708E+02
  240     6.9166  13.0588  -0.18715E+01  -0.29812E+00  -0.21027E+00   0.40599E+01   0.24247E+02
  241     6.9854  13.0691  -0.18879E+01  -0.30174E+00  -0.21388E+00   0.40584E+01   0.23789E+02
  242     7.0549  13.0794  -0.19045E+01  -0.30539E+00  -0.21753E+00   0.40569E+01   0.23332E+02
  243     7.1249  13.0894  -0.19211E+01  -0.30906E+00  -0.22121E+00   0.40555E+01   0.22882E+02
  244     7.1955  13.0994  -0.19378E+01  -0.31277E+00  -0.22491E+00   0.40541E+01   0.22436E+02
  245     7.2668  13.1092  -0.19546E+01  -0.31651E+00  -0.22865E+00   0.40528E+01   0.21990E+02
  246     7.3387  13.1189  -0.19715E+01  -0.32029E+00  -0.23243E+00   0.40514E+01   0.21541E+02
  247     7.4112  13.1285  -0.19885E+01  -0.32409E+00  -0.23623E+00   0.40502E+01   0.21114E+02
  248     7.4843  13.1380  -0.20056E+01  -0.32793E+00  -0.24007E+00   0.40489E+01   0.20679E+02
  249     7.5580  13.1473  -0.20227E+01  -0.33179E+00  -0.24394E+00   0.40477E+01   0.20245E+02
  250     7.6324  13.1565  -0.20400E+01  -0.33569E+00  -0.24784E+00   0.40466E+01   0.19825E+02
  251     7.7075  13.1656  -0.20574E+01  -0.33963E+00  -0.25177E+00   0.40454E+01   0.19403E+02
  252     7.7832  13.1746  -0.20749E+01  -0.34359E+00  -0.25574E+00   0.40443E+01   0.18988E+02
  253     7.8596  13.1834  -0.20925E+01  -0.34759E+00  -0.25973E+00   0.40433E+01   0.18581E+02
  254     7.9366  13.1922  -0.21102E+01  -0.35162E+00  -0.26376E+00   0.40422E+01   0.18171E+02
  255     8.0143  13.2008  -0.21279E+01  -0.35568E+00  -0.26783E+00   0.40412E+01   0.17770E+02
  256     8.0926  13.2093  -0.21458E+01  -0.35978E+00  -0.27193E+00   0.40402E+01   0.17376E+02
  257     8.1717  13.2178  -0.21638E+01  -0.36392E+00  -0.27606E+00   0.40393E+01   0.16981E+02
  258     8.2514  13.2261  -0.21819E+01  -0.36808E+00  -0.28022E+00   0.40383E+01   0.16595E+02
  259     8.3319  13.2343  -0.22001E+01  -0.37228E+00  -0.28442E+00   0.40374E+01   0.16214E+02
  260     8.4130  13.2424  -0.22184E+01  -0.37651E+00  -0.28866E+00   0.40365E+01   0.15834E+02
  261     8.4948  13.2503  -0.22368E+01  -0.38078E+00  -0.29292E+00   0.40357E+01   0.15461E+02
  262     8.5774  13.2582  -0.22553E+01  -0.38508E+00  -0.29722E+00   0.40348E+01   0.15094E+02
  263     8.6606  13.2660  -0.22739E+01  -0.38941E+00  -0.30155E+00   0.40340E+01   0.14731E+02
  264     8.7446  13.2737  -0.22926E+01  -0.39378E+00  -0.30592E+00   0.40332E+01   0.14373E+02
  265     8.8293  13.2813  -0.23114E+01  -0.39818E+00  -0.31032E+00   0.40325E+01   0.14023E+02
  266     8.9148  13.2888  -0.23304E+01  -0.40262E+00  -0.31476E+00   0.40317E+01   0.13676E+02
  267     9.0010  13.2962  -0.23494E+01  -0.40709E+00  -0.31924E+00   0.40310E+01   0.13335E+02
  268     9.0879  13.3035  -0.23685E+01  -0.41160E+00  -0.32375E+00   0.40303E+01   0.13000E+02
  269     9.1756  13.3107  -0.23878E+01  -0.41615E+00  -0.32830E+00   0.40296E+01   0.12668E+02
  270     9.2641  13.3178  -0.24071E+01  -0.42073E+00  -0.33287E+00   0.40289E+01   0.12343E+02
  271     9.3534  13.3248  -0.24266E+01  -0.42534E+00  -0.33749E+00   0.40282E+01   0.12022E+02
  272     9.4434  13.3317  -0.24461E+01  -0.43000E+00  -0.34214E+00   0.40276E+01   0.11705E+02
  273     9.5342  13.3386  -0.24658E+01  -0.43468E+00  -0.34683E+00   0.40270E+01   0.11396E+02
  274     9.6257  13.3453  -0.24856E+01  -0.43940E+00  -0.35155E+00   0.40264E+01   0.11093E+02
  275     9.7181  13.3520  -0.25055E+01  -0.44417E+00  -0.35631E+00   0.40258E+01   0.10791E+02
  276     9.8113  13.3586  -0.25255E+01  -0.44896E+00  -0.36110E+00   0.40252E+01   0.10498E+02
  277     9.9053  13.3651  -0.25456E+01  -0.45379E+00  -0.36594E+00   0.40247E+01   0.10212E+02
  278    10.0001  13.3715  -0.25658E+01  -0.45866E+00  -0.37080E+00   0.40241E+01   0.99259E+01
  279    10.0957  13.3778  -0.25861E+01  -0.46357E+00  -0.37571E+00   0.40236E+01   0.96502E+01
  280    10.1922  13.3841  -0.26066E+01  -0.46851E+00  -0.38066E+00   0.40231E+01   0.93782E+01
  281    10.2895  13.3902  -0.26271E+01  -0.47349E+00  -0.38563E+00   0.40226E+01   0.91100E+01
  282    10.3877  13.3963  -0.26478E+01  -0.47851E+00  -0.39065E+00   0.40221E+01   0.88488E+01
  283    10.4867  13.4023  -0.26686E+01  -0.48357E+00  -0.39571E+00   0.40216E+01   0.85921E+01
  284    10.5865  13.4083  -0.26895E+01  -0.48866E+00  -0.40080E+00   0.40211E+01   0.83417E+01
  285    10.6873  13.4141  -0.27105E+01  -0.49379E+00  -0.40593E+00   0.40207E+01   0.80959E+01
  286    10.7889  13.4199  -0.27316E+01  -0.49896E+00  -0.41110E+00   0.40202E+01   0.78537E+01
  287    10.8914  13.4256  -0.27529E+01  -0.50417E+00  -0.41631E+00   0.40198E+01   0.76173E+01
  288    10.9947  13.4312  -0.27742E+01  -0.50942E+00  -0.42156E+00   0.40194E+01   0.73869E+01
  289    11.0990  13.4368  -0.27957E+01  -0.51470E+00  -0.42685E+00   0.40190E+01   0.71612E+01
  290    11.2042  13.4423  -0.28173E+01  -0.52002E+00  -0.43217E+00   0.40186E+01   0.69404E+01
  291    11.3103  13.4477  -0.28390E+01  -0.52539E+00  -0.43753E+00   0.40182E+01   0.67232E+01
  292    11.4173  13.4530  -0.28608E+01  -0.53079E+00  -0.44293E+00   0.40178E+01   0.65140E+01
  293    11.5253  13.4583  -0.28828E+01  -0.53623E+00  -0.44838E+00   0.40174E+01   0.63078E+01
  294    11.6342  13.4635  -0.29049E+01  -0.54171E+00  -0.45386E+00   0.40171E+01   0.61063E+01
  295    11.7440  13.4687  -0.29271E+01  -0.54724E+00  -0.45938E+00   0.40167E+01   0.59090E+01
  296    11.8548  13.4738  -0.29494E+01  -0.55280E+00  -0.46494E+00   0.40164E+01   0.57181E+01
  297    11.9666  13.4788  -0.29718E+01  -0.55840E+00  -0.47054E+00   0.40160E+01   0.55304E+01
  298    12.0793  13.4837  -0.29943E+01  -0.56404E+00  -0.47618E+00   0.40157E+01   0.53473E+01
  299    12.1930  13.4886  -0.30170E+01  -0.56972E+00  -0.48187E+00   0.40154E+01   0.51711E+01
  300    12.3077  13.4934  -0.30398E+01  -0.57545E+00  -0.48759E+00   0.40151E+01   0.49956E+01
  301    12.4234  13.4982  -0.30627E+01  -0.58121E+00  -0.49335E+00   0.40148E+01   0.48275E+01
  302    12.5401  13.5029  -0.30858E+01  -0.58702E+00  -0.49916E+00   0.40145E+01   0.46628E+01
  303    12.6578  13.5075  -0.31089E+01  -0.59287E+00  -0.50501E+00   0.40142E+01   0.45027E+01
  304    12.7766  13.5121  -0.31322E+01  -0.59875E+00  -0.51089E+00   0.40139E+01   0.43460E+01
  305    12.8963  13.5166  -0.31557E+01  -0.60468E+00  -0.51683E+00   0.40136E+01   0.41939E+01
  306    13.0172  13.5211  -0.31792E+01  -0.61066E+00  -0.52280E+00   0.40134E+01   0.40458E+01
  307    13.1390  13.5255  -0.32028E+01  -0.61666E+00  -0.52881E+00   0.40131E+01   0.39029E+01
  308    13.2619  13.5298  -0.32267E+01  -0.62273E+00  -0.53487E+00   0.40129E+01   0.37625E+01
  309    13.3859  13.5341  -0.32506E+01  -0.62882E+00  -0.54096E+00   0.40126E+01   0.36286E+01
  310    13.5110  13.5383  -0.32746E+01  -0.63497E+00  -0.54711E+00   0.40124E+01   0.34959E+01
  311    13.6372  13.5425  -0.32988E+01  -0.64115E+00  -0.55329E+00   0.40121E+01   0.33679E+01
  312    13.7644  13.5466  -0.33232E+01  -0.64739E+00  -0.55954E+00   0.40119E+01   0.32420E+01
  313    13.8928  13.5507  -0.33476E+01  -0.65365E+00  -0.56579E+00   0.40117E+01   0.31217E+01
  314    14.0223  13.5547  -0.33722E+01  -0.65997E+00  -0.57211E+00   0.40114E+01   0.30039E+01
  315    14.1529  13.5587  -0.33968E+01  -0.66632E+00  -0.57846E+00   0.40112E+01   0.28908E+01
  316    14.2846  13.5626  -0.34217E+01  -0.67272E+00  -0.58487E+00   0.40110E+01   0.27805E+01
  317    14.4175  13.5665  -0.34467E+01  -0.67917E+00  -0.59132E+00   0.40108E+01   0.26741E+01
  318    14.5515  13.5703  -0.34718E+01  -0.68567E+00  -0.59781E+00   0.40106E+01   0.25701E+01
  319    14.6867  13.5741  -0.34970E+01  -0.69220E+00  -0.60435E+00   0.40104E+01   0.24701E+01
  320    14.8231  13.5778  -0.35224E+01  -0.69879E+00  -0.61093E+00   0.40102E+01   0.23729E+01
  321    14.9607  13.5815  -0.35478E+01  -0.70539E+00  -0.61753E+00   0.40100E+01   0.22789E+01
  322    15.0994  13.5851  -0.35735E+01  -0.71207E+00  -0.62422E+00   0.40098E+01   0.21881E+01
  323    15.2394  13.5887  -0.35993E+01  -0.71879E+00  -0.63094E+00   0.40097E+01   0.20995E+01
  324    15.3806  13.5922  -0.36252E+01  -0.72555E+00  -0.63770E+00   0.40095E+01   0.20151E+01
  325    15.5230  13.5957  -0.36513E+01  -0.73237E+00  -0.64452E+00   0.40093E+01   0.19321E+01
  326    15.6666  13.5991  -0.36774E+01  -0.73921E+00  -0.65135E+00   0.40091E+01   0.18526E+01
  327    15.8115  13.6025  -0.37038E+01  -0.74611E+00  -0.65826E+00   0.40090E+01   0.17753E+01
  328    15.9577  13.6059  -0.37303E+01  -0.75306E+00  -0.66521E+00   0.40088E+01   0.17015E+01
  329    16.1051  13.6092  -0.37569E+01  -0.76006E+00  -0.67220E+00   0.40086E+01   0.16298E+01
  330    16.2538  13.6124  -0.37836E+01  -0.76709E+00  -0.67924E+00   0.40085E+01   0.15609E+01
  331    16.4038  13.6157  -0.38105E+01  -0.77419E+00  -0.68633E+00   0.40083E+01   0.14943E+01
  332    16.5551  13.6188  -0.38376E+01  -0.78131E+00  -0.69346E+00   0.40082E+01   0.14302E+01
  333    16.7078  13.6220  -0.38648E+01  -0.78852E+00  -0.70066E+00   0.40081E+01   0.13677E+01
  334    16.8617  13.6251  -0.38921E+01  -0.79574E+00  -0.70788E+00   0.40079E+01   0.13083E+01
  335    17.0170  13.6281  -0.39196E+01  -0.80302E+00  -0.71517E+00   0.40078E+01   0.12505E+01
  336    17.1736  13.6312  -0.39472E+01  -0.81035E+00  -0.72249E+00   0.40076E+01   0.11949E+01
  337    17.3316  13.6342  -0.39749E+01  -0.81772E+00  -0.72987E+00   0.40075E+01   0.11419E+01
  338    17.4910  13.6371  -0.40028E+01  -0.82514E+00  -0.73728E+00   0.40074E+01   0.10907E+01
  339    17.6518  13.6400  -0.40309E+01  -0.83263E+00  -0.74477E+00   0.40073E+01   0.10409E+01
  340    17.8139  13.6429  -0.40591E+01  -0.84015E+00  -0.75229E+00   0.40071E+01   0.99359E+00
  341    17.9775  13.6457  -0.40875E+01  -0.84774E+00  -0.75988E+00   0.40070E+01   0.94795E+00
  342    18.1425  13.6485  -0.41160E+01  -0.85534E+00  -0.76748E+00   0.40069E+01   0.90394E+00
  343    18.3089  13.6513  -0.41446E+01  -0.86302E+00  -0.77516E+00   0.40068E+01   0.86162E+00
  344    18.4768  13.6540  -0.41735E+01  -0.87075E+00  -0.78289E+00   0.40067E+01   0.82151E+00
  345    18.6461  13.6567  -0.42025E+01  -0.87855E+00  -0.79070E+00   0.40066E+01   0.78225E+00
  346    18.8169  13.6593  -0.42315E+01  -0.88635E+00  -0.79849E+00   0.40064E+01   0.74534E+00
  347    18.9892  13.6619  -0.42608E+01  -0.89422E+00  -0.80636E+00   0.40063E+01   0.70879E+00
  348    19.1630  13.6645  -0.42902E+01  -0.90215E+00  -0.81429E+00   0.40062E+01   0.67584E+00
  349    19.3383  13.6671  -0.43198E+01  -0.91013E+00  -0.82227E+00   0.40061E+01   0.64253E+00
  350    19.5151  13.6696  -0.43497E+01  -0.91822E+00  -0.83036E+00   0.40060E+01   0.61093E+00
  351    19.6934  13.6721  -0.43794E+01  -0.92624E+00  -0.83839E+00   0.40059E+01   0.58080E+00
  352    19.8734  13.6745  -0.44094E+01  -0.93438E+00  -0.84652E+00   0.40058E+01   0.55122E+00
  353    20.0548  13.6770  -0.44396E+01  -0.94257E+00  -0.85472E+00   0.40057E+01   0.52446E+00
  354    20.2379  13.6794  -0.44700E+01  -0.95080E+00  -0.86295E+00   0.40056E+01   0.49801E+00
  355    20.4225  13.6817  -0.45005E+01  -0.95910E+00  -0.87125E+00   0.40056E+01   0.47270E+00
  356    20.6088  13.6840  -0.45312E+01  -0.96746E+00  -0.87960E+00   0.40055E+01   0.44879E+00
  357    20.7966  13.6863  -0.45621E+01  -0.97587E+00  -0.88801E+00   0.40054E+01   0.42553E+00
  358    20.9861  13.6886  -0.45932E+01  -0.98438E+00  -0.89652E+00   0.40053E+01   0.40322E+00
  359    21.1773  13.6909  -0.46242E+01  -0.99282E+00  -0.90497E+00   0.40052E+01   0.38215E+00
  360    21.3701  13.6931  -0.46555E+01  -0.10014E+01  -0.91358E+00   0.40000E+01   0.36201E+00
  361    21.5646  13.6953  -0.46870E+01  -0.10100E+01  -0.92218E+00   0.40000E+01   0.34319E+00
  362    21.7607  13.6974  -0.47187E+01  -0.10188E+01  -0.93090E+00   0.40000E+01   0.32487E+00
  363    21.9586  13.6995  -0.47505E+01  -0.10275E+01  -0.93961E+00   0.40000E+01   0.30763E+00
  364    22.1582  13.7016  -0.47825E+01  -0.10362E+01  -0.94839E+00   0.40000E+01   0.29073E+00
  365    22.3596  13.7037  -0.48146E+01  -0.10451E+01  -0.95723E+00   0.40000E+01   0.27507E+00
  366    22.5626  13.7058  -0.48470E+01  -0.10540E+01  -0.96612E+00   0.40000E+01   0.26009E+00
  367    22.7675  13.7078  -0.48795E+01  -0.10629E+01  -0.97507E+00   0.40000E+01   0.24580E+00
  368    22.9741  13.7098  -0.49121E+01  -0.10719E+01  -0.98409E+00   0.40000E+01   0.23217E+00
  369    23.1825  13.7117  -0.49450E+01  -0.10810E+01  -0.99316E+00   0.40000E+01   0.21913E+00
  370    23.3928  13.7137  -0.49780E+01  -0.10901E+01  -0.10023E+01   0.40000E+01   0.20679E+00
  371    23.6049  13.7156  -0.50111E+01  -0.10993E+01  -0.10114E+01   0.40000E+01   0.19519E+00
  372    23.8188  13.7175  -0.50445E+01  -0.11085E+01  -0.10207E+01   0.40000E+01   0.18410E+00
  373    24.0345  13.7194  -0.50780E+01  -0.11178E+01  -0.10300E+01   0.40000E+01   0.17349E+00
  374    24.2522  13.7212  -0.51117E+01  -0.11272E+01  -0.10393E+01   0.40000E+01   0.16345E+00
  375    24.4717  13.7230  -0.51456E+01  -0.11366E+01  -0.10487E+01   0.40000E+01   0.15398E+00
  376    24.6932  13.7248  -0.51796E+01  -0.11461E+01  -0.10582E+01   0.40000E+01   0.14498E+00
  377    24.9166  13.7266  -0.52138E+01  -0.11556E+01  -0.10677E+01   0.40000E+01   0.13648E+00
  378    25.1419  13.7284  -0.52482E+01  -0.11652E+01  -0.10773E+01   0.40000E+01   0.12841E+00
  379    25.3691  13.7301  -0.52828E+01  -0.11748E+01  -0.10870E+01   0.40000E+01   0.12076E+00
  380    25.5984  13.7318  -0.53176E+01  -0.11845E+01  -0.10967E+01   0.40000E+01   0.11349E+00
  381    25.8296  13.7335  -0.53525E+01  -0.11943E+01  -0.11065E+01   0.40000E+01   0.10658E+00
  382    26.0629  13.7351  -0.53877E+01  -0.12041E+01  -0.11163E+01   0.40000E+01   0.10010E+00
  383    26.2982  13.7368  -0.54229E+01  -0.12140E+01  -0.11261E+01   0.40000E+01   0.93981E-01
  384    26.5355  13.7384  -0.54584E+01  -0.12239E+01  -0.11361E+01   0.40000E+01   0.88178E-01
  385    26.7749  13.7400  -0.54940E+01  -0.12340E+01  -0.11461E+01   0.40000E+01   0.82702E-01
  386    27.0164  13.7416  -0.55298E+01  -0.12440E+01  -0.11562E+01   0.40000E+01   0.77508E-01
  387    27.2599  13.7431  -0.55659E+01  -0.12541E+01  -0.11663E+01   0.40000E+01   0.72718E-01
  388    27.5056  13.7447  -0.56020E+01  -0.12643E+01  -0.11765E+01   0.40000E+01   0.68076E-01
  389    27.7534  13.7462  -0.56385E+01  -0.12746E+01  -0.11867E+01   0.40000E+01   0.63738E-01
  390    28.0034  13.7477  -0.56750E+01  -0.12849E+01  -0.11970E+01   0.40000E+01   0.59646E-01
  391    28.2556  13.7492  -0.57118E+01  -0.12953E+01  -0.12074E+01   0.40000E+01   0.55861E-01
  392    28.5099  13.7506  -0.57487E+01  -0.13057E+01  -0.12178E+01   0.40000E+01   0.52216E-01
  393    28.7665  13.7521  -0.57858E+01  -0.13162E+01  -0.12283E+01   0.40000E+01   0.48818E-01
  394    29.0253  13.7535  -0.58231E+01  -0.13267E+01  -0.12389E+01   0.40000E+01   0.45612E-01
  395    29.2863  13.7549  -0.58607E+01  -0.13374E+01  -0.12495E+01   0.40000E+01   0.42592E-01
  396    29.5496  13.7563  -0.58983E+01  -0.13480E+01  -0.12602E+01   0.40000E+01   0.39755E-01
  397    29.8152  13.7577  -0.59362E+01  -0.13588E+01  -0.12709E+01   0.40000E+01   0.37097E-01
  398    30.0831  13.7590  -0.59742E+01  -0.13696E+01  -0.12817E+01   0.40000E+01   0.34626E-01
  399    30.3534  13.7604  -0.60125E+01  -0.13805E+01  -0.12926E+01   0.40000E+01   0.32276E-01
  400    30.6259  13.7617  -0.60510E+01  -0.13914E+01  -0.13036E+01   0.40000E+01   0.30047E-01
