    1     0.0001   0.0014  -0.30518E-04  -0.16567E-05   0.29334E-01   0.52653E+01   0.25465E+05
    2     0.0088   0.1221  -0.38347E-02  -0.48081E-03   0.28855E-01   0.52440E+01   0.37566E+05
    3     0.0176   0.2423  -0.80018E-02  -0.10571E-02   0.28279E-01   0.52238E+01   0.39373E+05
    4     0.0264   0.3621  -0.12365E-01  -0.16812E-02   0.27655E-01   0.52042E+01   0.40585E+05
    5     0.0353   0.4814  -0.16874E-01  -0.23392E-02   0.26997E-01   0.51850E+01   0.41608E+05
    6     0.0443   0.6003  -0.21518E-01  -0.30272E-02   0.26309E-01   0.51662E+01   0.42456E+05
    7     0.0534   0.7188  -0.26276E-01  -0.37391E-02   0.25597E-01   0.51477E+01   0.43168E+05
    8     0.0626   0.8368  -0.31143E-01  -0.44738E-02   0.24862E-01   0.51295E+01   0.43813E+05
    9     0.0718   0.9543  -0.36111E-01  -0.52294E-02   0.24106E-01   0.51115E+01   0.44417E+05
   10     0.0811   1.0713  -0.41180E-01  -0.60049E-02   0.23331E-01   0.50938E+01   0.44963E+05
   11     0.0905   1.1879  -0.46355E-01  -0.68026E-02   0.22533E-01   0.50764E+01   0.45484E+05
   12     0.1000   1.3039  -0.51610E-01  -0.76154E-02   0.21720E-01   0.50592E+01   0.45944E+05
   13     0.1096   1.4195  -0.56960E-01  -0.84466E-02   0.20889E-01   0.50422E+01   0.46391E+05
   14     0.1192   1.5346  -0.62403E-01  -0.92964E-02   0.20039E-01   0.50254E+01   0.46816E+05
   15     0.1290   1.6491  -0.67937E-01  -0.10165E-01   0.19171E-01   0.50088E+01   0.47202E+05
   16     0.1388   1.7632  -0.73562E-01  -0.11050E-01   0.18285E-01   0.49925E+01   0.47585E+05
   17     0.1487   1.8767  -0.79277E-01  -0.11955E-01   0.17381E-01   0.49764E+01   0.47930E+05
   18     0.1587   1.9897  -0.85083E-01  -0.12877E-01   0.16459E-01   0.49604E+01   0.48271E+05
   19     0.1687   2.1021  -0.90978E-01  -0.13817E-01   0.15519E-01   0.49447E+01   0.48589E+05
   20     0.1789   2.2140  -0.96962E-01  -0.14775E-01   0.14561E-01   0.49292E+01   0.48880E+05
   21     0.1891   2.3254  -0.10303E+00  -0.15751E-01   0.13585E-01   0.49139E+01   0.49169E+05
   22     0.1995   2.4362  -0.10920E+00  -0.16745E-01   0.12591E-01   0.48988E+01   0.49431E+05
   23     0.2099   2.5465  -0.11544E+00  -0.17757E-01   0.11579E-01   0.48839E+01   0.49680E+05
   24     0.2204   2.6562  -0.12178E+00  -0.18787E-01   0.10548E-01   0.48692E+01   0.49914E+05
   25     0.2310   2.7653  -0.12821E+00  -0.19836E-01   0.94999E-02   0.48546E+01   0.50133E+05
   26     0.2417   2.8738  -0.13472E+00  -0.20903E-01   0.84333E-02   0.48403E+01   0.50340E+05
   27     0.2525   2.9818  -0.14132E+00  -0.21988E-01   0.73481E-02   0.48262E+01   0.50523E+05
   28     0.2634   3.0892  -0.14801E+00  -0.23091E-01   0.62446E-02   0.48122E+01   0.50697E+05
   29     0.2744   3.1959  -0.15479E+00  -0.24213E-01   0.51231E-02   0.47984E+01   0.50858E+05
   30     0.2855   3.3021  -0.16165E+00  -0.25353E-01   0.39832E-02   0.47848E+01   0.51002E+05
   31     0.2967   3.4077  -0.16860E+00  -0.26511E-01   0.28252E-02   0.47714E+01   0.51129E+05
   32     0.3079   3.5127  -0.17564E+00  -0.27687E-01   0.16485E-02   0.47582E+01   0.51243E+05
   33     0.3193   3.6170  -0.18272E+00  -0.28871E-01   0.46501E-03   0.47450E+01   0.51352E+05
   34     0.3308   3.7207  -0.18993E+00  -0.30084E-01  -0.74839E-03   0.47322E+01   0.51439E+05
   35     0.3423   3.8238  -0.19723E+00  -0.31316E-01  -0.19805E-02   0.47195E+01   0.51502E+05
   36     0.3540   3.9263  -0.20461E+00  -0.32567E-01  -0.32310E-02   0.47070E+01   0.51565E+05
   37     0.3658   4.0281  -0.21207E+00  -0.33836E-01  -0.45007E-02   0.46946E+01   0.51609E+05
   38     0.3777   4.1293  -0.21963E+00  -0.35125E-01  -0.57888E-02   0.46824E+01   0.51640E+05
   39     0.3896   4.2299  -0.22727E+00  -0.36432E-01  -0.70963E-02   0.46704E+01   0.51659E+05
   40     0.4017   4.3298  -0.23499E+00  -0.37758E-01  -0.84224E-02   0.46586E+01   0.51664E+05
   41     0.4139   4.4291  -0.24280E+00  -0.39104E-01  -0.97680E-02   0.46470E+01   0.51660E+05
   42     0.4262   4.5276  -0.25070E+00  -0.40469E-01  -0.11133E-01   0.46355E+01   0.51645E+05
   43     0.4386   4.6256  -0.25869E+00  -0.41853E-01  -0.12517E-01   0.46242E+01   0.51612E+05
   44     0.4511   4.7229  -0.26676E+00  -0.43257E-01  -0.13921E-01   0.46130E+01   0.51570E+05
   45     0.4637   4.8195  -0.27492E+00  -0.44681E-01  -0.15345E-01   0.46021E+01   0.51522E+05
   46     0.4764   4.9154  -0.28317E+00  -0.46124E-01  -0.16789E-01   0.45913E+01   0.51461E+05
   47     0.4893   5.0106  -0.29150E+00  -0.47587E-01  -0.18251E-01   0.45806E+01   0.51391E+05
   48     0.5022   5.1052  -0.29991E+00  -0.49069E-01  -0.19733E-01   0.45702E+01   0.51307E+05
   49     0.5153   5.1991  -0.30841E+00  -0.50571E-01  -0.21236E-01   0.45599E+01   0.51210E+05
   50     0.5285   5.2923  -0.31700E+00  -0.52094E-01  -0.22758E-01   0.45497E+01   0.51107E+05
   51     0.5417   5.3849  -0.32568E+00  -0.53637E-01  -0.24302E-01   0.45397E+01   0.50982E+05
   52     0.5552   5.4767  -0.33445E+00  -0.55202E-01  -0.25866E-01   0.45299E+01   0.50849E+05
   53     0.5687   5.5679  -0.34331E+00  -0.56788E-01  -0.27453E-01   0.45202E+01   0.50708E+05
   54     0.5823   5.6583  -0.35226E+00  -0.58396E-01  -0.29060E-01   0.45108E+01   0.50545E+05
   55     0.5961   5.7481  -0.36129E+00  -0.60026E-01  -0.30690E-01   0.45014E+01   0.50376E+05
   56     0.6099   5.8371  -0.37042E+00  -0.61675E-01  -0.32340E-01   0.44923E+01   0.50197E+05
   57     0.6239   5.9255  -0.37963E+00  -0.63346E-01  -0.34010E-01   0.44833E+01   0.50002E+05
   58     0.6381   6.0132  -0.38893E+00  -0.65036E-01  -0.35701E-01   0.44744E+01   0.49797E+05
   59     0.6523   6.1001  -0.39830E+00  -0.66746E-01  -0.37411E-01   0.44657E+01   0.49580E+05
   60     0.6667   6.1864  -0.40776E+00  -0.68476E-01  -0.39141E-01   0.44570E+01   0.49351E+05
   61     0.6812   6.2719  -0.41730E+00  -0.70225E-01  -0.40890E-01   0.44486E+01   0.49113E+05
   62     0.6958   6.3568  -0.42692E+00  -0.71993E-01  -0.42658E-01   0.44402E+01   0.48864E+05
   63     0.7105   6.4409  -0.43662E+00  -0.73781E-01  -0.44445E-01   0.44320E+01   0.48612E+05
   64     0.7254   6.5244  -0.44640E+00  -0.75588E-01  -0.46252E-01   0.44239E+01   0.48345E+05
   65     0.7404   6.6071  -0.45626E+00  -0.77414E-01  -0.48078E-01   0.44160E+01   0.48078E+05
   66     0.7555   6.6891  -0.46620E+00  -0.79261E-01  -0.49925E-01   0.44082E+01   0.47802E+05
   67     0.7708   6.7704  -0.47623E+00  -0.81129E-01  -0.51793E-01   0.44006E+01   0.47520E+05
   68     0.7862   6.8511  -0.48635E+00  -0.83019E-01  -0.53683E-01   0.43931E+01   0.47233E+05
   69     0.8017   6.9310  -0.49655E+00  -0.84931E-01  -0.55595E-01   0.43857E+01   0.46938E+05
   70     0.8174   7.0102  -0.50684E+00  -0.86864E-01  -0.57528E-01   0.43785E+01   0.46640E+05
   71     0.8332   7.0886  -0.51722E+00  -0.88819E-01  -0.59483E-01   0.43713E+01   0.46336E+05
   72     0.8491   7.1664  -0.52768E+00  -0.90796E-01  -0.61461E-01   0.43644E+01   0.46020E+05
   73     0.8652   7.2435  -0.53822E+00  -0.92795E-01  -0.63459E-01   0.43575E+01   0.45697E+05
   74     0.8814   7.3199  -0.54886E+00  -0.94816E-01  -0.65480E-01   0.43508E+01   0.45362E+05
   75     0.8977   7.3956  -0.55957E+00  -0.96857E-01  -0.67522E-01   0.43442E+01   0.45016E+05
   76     0.9142   7.4705  -0.57037E+00  -0.98921E-01  -0.69585E-01   0.43377E+01   0.44662E+05
   77     0.9309   7.5448  -0.58125E+00  -0.10101E+00  -0.71670E-01   0.43314E+01   0.44299E+05
   78     0.9477   7.6184  -0.59222E+00  -0.10311E+00  -0.73776E-01   0.43251E+01   0.43928E+05
   79     0.9646   7.6913  -0.60326E+00  -0.10524E+00  -0.75902E-01   0.43190E+01   0.43550E+05
   80     0.9817   7.7635  -0.61437E+00  -0.10738E+00  -0.78046E-01   0.43130E+01   0.43166E+05
   81     0.9989   7.8350  -0.62556E+00  -0.10954E+00  -0.80209E-01   0.43071E+01   0.42782E+05
   82     1.0163   7.9058  -0.63683E+00  -0.11173E+00  -0.82391E-01   0.43012E+01   0.42389E+05
   83     1.0338   7.9759  -0.64817E+00  -0.11393E+00  -0.84592E-01   0.42955E+01   0.41990E+05
   84     1.0515   8.0453  -0.65958E+00  -0.11615E+00  -0.86814E-01   0.42899E+01   0.41589E+05
   85     1.0693   8.1141  -0.67108E+00  -0.11839E+00  -0.89056E-01   0.42844E+01   0.41187E+05
   86     1.0873   8.1821  -0.68265E+00  -0.12065E+00  -0.91318E-01   0.42790E+01   0.40782E+05
   87     1.1055   8.2495  -0.69430E+00  -0.12294E+00  -0.93602E-01   0.42737E+01   0.40379E+05
   88     1.1238   8.3162  -0.70604E+00  -0.12524E+00  -0.95907E-01   0.42685E+01   0.39971E+05
   89     1.1423   8.3823  -0.71785E+00  -0.12757E+00  -0.98233E-01   0.42635E+01   0.39563E+05
   90     1.1609   8.4477  -0.72974E+00  -0.12992E+00  -0.10058E+00   0.42585E+01   0.39155E+05
   91     1.1797   8.5124  -0.74171E+00  -0.13228E+00  -0.10295E+00   0.42536E+01   0.38743E+05
   92     1.1986   8.5764  -0.75376E+00  -0.13467E+00  -0.10534E+00   0.42488E+01   0.38328E+05
   93     1.2177   8.6398  -0.76588E+00  -0.13708E+00  -0.10775E+00   0.42440E+01   0.37905E+05
   94     1.2370   8.7025  -0.77809E+00  -0.13951E+00  -0.11018E+00   0.42394E+01   0.37474E+05
   95     1.2565   8.7646  -0.79038E+00  -0.14197E+00  -0.11263E+00   0.42349E+01   0.37049E+05
   96     1.2761   8.8260  -0.80275E+00  -0.14445E+00  -0.11511E+00   0.42304E+01   0.36617E+05
   97     1.2959   8.8868  -0.81520E+00  -0.14694E+00  -0.11761E+00   0.42261E+01   0.36186E+05
   98     1.3158   8.9469  -0.82772E+00  -0.14946E+00  -0.12013E+00   0.42218E+01   0.35750E+05
   99     1.3360   9.0065  -0.84030E+00  -0.15199E+00  -0.12266E+00   0.42176E+01   0.35313E+05
  100     1.3563   9.0653  -0.85294E+00  -0.15454E+00  -0.12521E+00   0.42135E+01   0.34873E+05
  101     1.3767   9.1236  -0.86568E+00  -0.15712E+00  -0.12778E+00   0.42095E+01   0.34432E+05
  102     1.3974   9.1812  -0.87849E+00  -0.15972E+00  -0.13038E+00   0.42055E+01   0.33988E+05
  103     1.4183   9.2382  -0.89137E+00  -0.16233E+00  -0.13300E+00   0.42017E+01   0.33540E+05
  104     1.4393   9.2945  -0.90433E+00  -0.16497E+00  -0.13563E+00   0.41979E+01   0.33115E+05
  105     1.4605   9.3503  -0.91736E+00  -0.16763E+00  -0.13829E+00   0.41941E+01   0.32688E+05
  106     1.4819   9.4054  -0.93045E+00  -0.17030E+00  -0.14097E+00   0.41905E+01   0.32225E+05
  107     1.5035   9.4600  -0.94362E+00  -0.17300E+00  -0.14366E+00   0.41869E+01   0.31791E+05
  108     1.5252   9.5139  -0.95686E+00  -0.17571E+00  -0.14638E+00   0.41833E+01   0.31352E+05
  109     1.5472   9.5673  -0.97017E+00  -0.17845E+00  -0.14911E+00   0.41799E+01   0.30916E+05
  110     1.5693   9.6200  -0.98367E+00  -0.18124E+00  -0.15191E+00   0.41766E+01   0.30472E+05
  111     1.5917   9.6722  -0.99702E+00  -0.18398E+00  -0.15465E+00   0.41732E+01   0.30045E+05
  112     1.6142   9.7238  -0.10106E+01  -0.18678E+00  -0.15745E+00   0.41699E+01   0.29610E+05
  113     1.6369   9.7748  -0.10242E+01  -0.18960E+00  -0.16027E+00   0.41668E+01   0.29181E+05
  114     1.6598   9.8252  -0.10379E+01  -0.19244E+00  -0.16311E+00   0.41636E+01   0.28732E+05
  115     1.6830   9.8751  -0.10516E+01  -0.19530E+00  -0.16597E+00   0.41606E+01   0.28305E+05
  116     1.7063   9.9244  -0.10654E+01  -0.19818E+00  -0.16885E+00   0.41576E+01   0.27886E+05
  117     1.7298   9.9731  -0.10793E+01  -0.20108E+00  -0.17175E+00   0.41546E+01   0.27457E+05
  118     1.7536  10.0213  -0.10933E+01  -0.20400E+00  -0.17467E+00   0.41517E+01   0.27030E+05
  119     1.7775  10.0689  -0.11073E+01  -0.20694E+00  -0.17761E+00   0.41489E+01   0.26607E+05
  120     1.8016  10.1160  -0.11214E+01  -0.20990E+00  -0.18056E+00   0.41461E+01   0.26186E+05
  121     1.8260  10.1626  -0.11356E+01  -0.21288E+00  -0.18354E+00   0.41434E+01   0.25768E+05
  122     1.8506  10.2086  -0.11498E+01  -0.21588E+00  -0.18654E+00   0.41407E+01   0.25354E+05
  123     1.8753  10.2541  -0.11641E+01  -0.21890E+00  -0.18957E+00   0.41381E+01   0.24945E+05
  124     1.9003  10.2990  -0.11785E+01  -0.22194E+00  -0.19261E+00   0.41355E+01   0.24536E+05
  125     1.9256  10.3434  -0.11929E+01  -0.22500E+00  -0.19567E+00   0.41330E+01   0.24130E+05
  126     1.9510  10.3873  -0.12074E+01  -0.22809E+00  -0.19875E+00   0.41306E+01   0.23724E+05
  127     1.9766  10.4307  -0.12220E+01  -0.23119E+00  -0.20185E+00   0.41281E+01   0.23322E+05
  128     2.0025  10.4736  -0.12367E+01  -0.23432E+00  -0.20498E+00   0.41258E+01   0.22921E+05
  129     2.0286  10.5160  -0.12514E+01  -0.23746E+00  -0.20812E+00   0.41235E+01   0.22523E+05
  130     2.0550  10.5579  -0.12662E+01  -0.24062E+00  -0.21129E+00   0.41212E+01   0.22129E+05
  131     2.0815  10.5993  -0.12811E+01  -0.24381E+00  -0.21447E+00   0.41189E+01   0.21739E+05
  132     2.1083  10.6402  -0.12960E+01  -0.24701E+00  -0.21767E+00   0.41168E+01   0.21354E+05
  133     2.1353  10.6806  -0.13110E+01  -0.25023E+00  -0.22089E+00   0.41146E+01   0.20973E+05
  134     2.1626  10.7205  -0.13260E+01  -0.25347E+00  -0.22413E+00   0.41125E+01   0.20596E+05
  135     2.1901  10.7600  -0.13411E+01  -0.25673E+00  -0.22739E+00   0.41104E+01   0.20224E+05
  136     2.2178  10.7990  -0.13563E+01  -0.26001E+00  -0.23068E+00   0.41084E+01   0.19854E+05
  137     2.2458  10.8375  -0.13716E+01  -0.26332E+00  -0.23398E+00   0.41064E+01   0.19488E+05
  138     2.2740  10.8756  -0.13869E+01  -0.26665E+00  -0.23731E+00   0.41045E+01   0.19126E+05
  139     2.3025  10.9132  -0.14024E+01  -0.27000E+00  -0.24066E+00   0.41026E+01   0.18765E+05
  140     2.3312  10.9504  -0.14178E+01  -0.27337E+00  -0.24403E+00   0.41007E+01   0.18408E+05
  141     2.3602  10.9871  -0.14334E+01  -0.27675E+00  -0.24742E+00   0.40989E+01   0.18052E+05
  142     2.3894  11.0234  -0.14490E+01  -0.28016E+00  -0.25082E+00   0.40971E+01   0.17701E+05
  143     2.4188  11.0592  -0.14646E+01  -0.28359E+00  -0.25425E+00   0.40953E+01   0.17355E+05
  144     2.4486  11.0946  -0.14804E+01  -0.28703E+00  -0.25770E+00   0.40935E+01   0.17014E+05
  145     2.4785  11.1296  -0.14962E+01  -0.29049E+00  -0.26116E+00   0.40919E+01   0.16679E+05
  146     2.5088  11.1641  -0.15120E+01  -0.29398E+00  -0.26464E+00   0.40902E+01   0.16349E+05
  147     2.5393  11.1982  -0.15279E+01  -0.29749E+00  -0.26815E+00   0.40886E+01   0.16023E+05
  148     2.5701  11.2320  -0.15439E+01  -0.30101E+00  -0.27168E+00   0.40870E+01   0.15701E+05
  149     2.6011  11.2653  -0.15600E+01  -0.30457E+00  -0.27523E+00   0.40854E+01   0.15384E+05
  150     2.6324  11.2982  -0.15762E+01  -0.30814E+00  -0.27880E+00   0.40838E+01   0.15070E+05
  151     2.6640  11.3306  -0.15924E+01  -0.31173E+00  -0.28240E+00   0.40823E+01   0.14759E+05
  152     2.6958  11.3627  -0.16087E+01  -0.31535E+00  -0.28601E+00   0.40809E+01   0.14452E+05
  153     2.7280  11.3944  -0.16250E+01  -0.31898E+00  -0.28965E+00   0.40794E+01   0.14147E+05
  154     2.7604  11.4258  -0.16414E+01  -0.32264E+00  -0.29330E+00   0.40780E+01   0.13847E+05
  155     2.7931  11.4567  -0.16579E+01  -0.32632E+00  -0.29698E+00   0.40766E+01   0.13551E+05
  156     2.8260  11.4872  -0.16744E+01  -0.33001E+00  -0.30068E+00   0.40752E+01   0.13260E+05
  157     2.8593  11.5174  -0.16910E+01  -0.33373E+00  -0.30439E+00   0.40739E+01   0.12974E+05
  158     2.8929  11.5472  -0.17077E+01  -0.33746E+00  -0.30812E+00   0.40725E+01   0.12687E+05
  159     2.9267  11.5766  -0.17244E+01  -0.34122E+00  -0.31188E+00   0.40713E+01   0.12410E+05
  160     2.9608  11.6057  -0.17412E+01  -0.34500E+00  -0.31566E+00   0.40700E+01   0.12137E+05
  161     2.9953  11.6344  -0.17581E+01  -0.34880E+00  -0.31946E+00   0.40687E+01   0.11871E+05
  162     3.0300  11.6628  -0.17750E+01  -0.35260E+00  -0.32327E+00   0.40675E+01   0.11608E+05
  163     3.0651  11.6908  -0.17920E+01  -0.35644E+00  -0.32711E+00   0.40663E+01   0.11348E+05
  164     3.1004  11.7184  -0.18091E+01  -0.36031E+00  -0.33098E+00   0.40651E+01   0.11091E+05
  165     3.1360  11.7458  -0.18263E+01  -0.36420E+00  -0.33487E+00   0.40640E+01   0.10838E+05
  166     3.1720  11.7727  -0.18435E+01  -0.36811E+00  -0.33878E+00   0.40629E+01   0.10593E+05
  167     3.2083  11.7994  -0.18608E+01  -0.37204E+00  -0.34271E+00   0.40617E+01   0.10347E+05
  168     3.2449  11.8257  -0.18781E+01  -0.37599E+00  -0.34665E+00   0.40607E+01   0.10106E+05
  169     3.2818  11.8517  -0.18955E+01  -0.37996E+00  -0.35062E+00   0.40596E+01   0.98682E+04
  170     3.3190  11.8773  -0.19130E+01  -0.38395E+00  -0.35461E+00   0.40585E+01   0.96354E+04
  171     3.3565  11.9026  -0.19305E+01  -0.38796E+00  -0.35863E+00   0.40575E+01   0.94073E+04
  172     3.3944  11.9277  -0.19481E+01  -0.39200E+00  -0.36266E+00   0.40565E+01   0.91835E+04
  173     3.4326  11.9524  -0.19658E+01  -0.39605E+00  -0.36672E+00   0.40555E+01   0.89633E+04
  174     3.4712  11.9768  -0.19836E+01  -0.40013E+00  -0.37080E+00   0.40545E+01   0.87471E+04
  175     3.5100  12.0009  -0.20014E+01  -0.40423E+00  -0.37490E+00   0.40536E+01   0.85345E+04
  176     3.5492  12.0246  -0.20193E+01  -0.40836E+00  -0.37902E+00   0.40527E+01   0.83264E+04
  177     3.5888  12.0481  -0.20373E+01  -0.41250E+00  -0.38316E+00   0.40517E+01   0.81212E+04
  178     3.6287  12.0713  -0.20553E+01  -0.41667E+00  -0.38733E+00   0.40508E+01   0.79196E+04
  179     3.6689  12.0942  -0.20734E+01  -0.42085E+00  -0.39152E+00   0.40500E+01   0.77219E+04
  180     3.7095  12.1169  -0.20915E+01  -0.42506E+00  -0.39573E+00   0.40491E+01   0.75285E+04
  181     3.7505  12.1392  -0.21098E+01  -0.42929E+00  -0.39996E+00   0.40482E+01   0.73393E+04
  182     3.7918  12.1612  -0.21281E+01  -0.43355E+00  -0.40421E+00   0.40474E+01   0.71539E+04
  183     3.8334  12.1830  -0.21464E+01  -0.43782E+00  -0.40849E+00   0.40466E+01   0.69716E+04
  184     3.8754  12.2045  -0.21649E+01  -0.44212E+00  -0.41279E+00   0.40458E+01   0.67930E+04
  185     3.9178  12.2257  -0.21834E+01  -0.44645E+00  -0.41711E+00   0.40450E+01   0.66171E+04
  186     3.9606  12.2467  -0.22020E+01  -0.45079E+00  -0.42146E+00   0.40442E+01   0.64449E+04
  187     4.0037  12.2674  -0.22206E+01  -0.45516E+00  -0.42583E+00   0.40434E+01   0.62761E+04
  188     4.0472  12.2878  -0.22393E+01  -0.45955E+00  -0.43021E+00   0.40427E+01   0.61108E+04
  189     4.0911  12.3080  -0.22581E+01  -0.46396E+00  -0.43462E+00   0.40420E+01   0.59490E+04
  190     4.1353  12.3279  -0.22770E+01  -0.46839E+00  -0.43906E+00   0.40413E+01   0.57911E+04
  191     4.1800  12.3476  -0.22959E+01  -0.47285E+00  -0.44351E+00   0.40405E+01   0.56364E+04
  192     4.2250  12.3670  -0.23149E+01  -0.47733E+00  -0.44799E+00   0.40398E+01   0.54854E+04
  193     4.2705  12.3862  -0.23340E+01  -0.48184E+00  -0.45250E+00   0.40392E+01   0.53376E+04
  194     4.3163  12.4051  -0.23531E+01  -0.48636E+00  -0.45703E+00   0.40385E+01   0.51924E+04
  195     4.3625  12.4238  -0.23723E+01  -0.49092E+00  -0.46158E+00   0.40378E+01   0.50502E+04
  196     4.4091  12.4423  -0.23916E+01  -0.49549E+00  -0.46616E+00   0.40372E+01   0.49106E+04
  197     4.4561  12.4605  -0.24110E+01  -0.50009E+00  -0.47076E+00   0.40366E+01   0.47741E+04
  198     4.5036  12.4785  -0.24304E+01  -0.50471E+00  -0.47537E+00   0.40360E+01   0.46406E+04
  199     4.5514  12.4962  -0.24499E+01  -0.50935E+00  -0.48002E+00   0.40353E+01   0.45107E+04
  200     4.5997  12.5138  -0.24695E+01  -0.51402E+00  -0.48468E+00   0.40347E+01   0.43833E+04
  201     4.6484  12.5311  -0.24891E+01  -0.51871E+00  -0.48937E+00   0.40342E+01   0.42594E+04
  202     4.6975  12.5482  -0.25089E+01  -0.52342E+00  -0.49409E+00   0.40336E+01   0.41385E+04
  203     4.7470  12.5650  -0.25287E+01  -0.52816E+00  -0.49883E+00   0.40330E+01   0.40205E+04
  204     4.7970  12.5817  -0.25485E+01  -0.53293E+00  -0.50359E+00   0.40325E+01   0.39050E+04
  205     4.8474  12.5981  -0.25685E+01  -0.53772E+00  -0.50838E+00   0.40319E+01   0.37920E+04
  206     4.8982  12.6144  -0.25885E+01  -0.54253E+00  -0.51320E+00   0.40314E+01   0.36816E+04
  207     4.9495  12.6304  -0.26086E+01  -0.54737E+00  -0.51804E+00   0.40309E+01   0.35736E+04
  208     5.0012  12.6462  -0.26288E+01  -0.55224E+00  -0.52290E+00   0.40303E+01   0.34674E+04
  209     5.0534  12.6619  -0.26490E+01  -0.55712E+00  -0.52779E+00   0.40298E+01   0.33641E+04
  210     5.1060  12.6773  -0.26693E+01  -0.56203E+00  -0.53270E+00   0.40293E+01   0.32635E+04
  211     5.1591  12.6925  -0.26897E+01  -0.56697E+00  -0.53763E+00   0.40289E+01   0.31655E+04
  212     5.2126  12.7076  -0.27102E+01  -0.57192E+00  -0.54258E+00   0.40284E+01   0.30703E+04
  213     5.2667  12.7224  -0.27307E+01  -0.57690E+00  -0.54756E+00   0.40279E+01   0.29783E+04
  214     5.3211  12.7371  -0.27513E+01  -0.58191E+00  -0.55257E+00   0.40274E+01   0.28884E+04
  215     5.3761  12.7515  -0.27720E+01  -0.58694E+00  -0.55761E+00   0.40270E+01   0.28004E+04
  216     5.4315  12.7658  -0.27928E+01  -0.59201E+00  -0.56268E+00   0.40265E+01   0.27145E+04
  217     5.4874  12.7799  -0.28137E+01  -0.59711E+00  -0.56777E+00   0.40261E+01   0.26304E+04
  218     5.5438  12.7938  -0.28346E+01  -0.60222E+00  -0.57289E+00   0.40257E+01   0.25477E+04
  219     5.6007  12.8076  -0.28557E+01  -0.60736E+00  -0.57803E+00   0.40252E+01   0.24676E+04
  220     5.6581  12.8211  -0.28767E+01  -0.61253E+00  -0.58319E+00   0.40248E+01   0.23894E+04
  221     5.7160  12.8345  -0.28979E+01  -0.61771E+00  -0.58837E+00   0.40244E+01   0.23139E+04
  222     5.7744  12.8477  -0.29191E+01  -0.62292E+00  -0.59358E+00   0.40240E+01   0.22403E+04
  223     5.8333  12.8608  -0.29405E+01  -0.62816E+00  -0.59883E+00   0.40236E+01   0.21688E+04
  224     5.8927  12.8737  -0.29619E+01  -0.63343E+00  -0.60410E+00   0.40232E+01   0.20994E+04
  225     5.9526  12.8864  -0.29833E+01  -0.63873E+00  -0.60939E+00   0.40229E+01   0.20316E+04
  226     6.0131  12.8990  -0.30049E+01  -0.64405E+00  -0.61471E+00   0.40225E+01   0.19654E+04
  227     6.0740  12.9114  -0.30266E+01  -0.64940E+00  -0.62006E+00   0.40221E+01   0.19011E+04
  228     6.1355  12.9236  -0.30483E+01  -0.65477E+00  -0.62544E+00   0.40218E+01   0.18387E+04
  229     6.1976  12.9357  -0.30701E+01  -0.66017E+00  -0.63084E+00   0.40214E+01   0.17779E+04
  230     6.2602  12.9476  -0.30920E+01  -0.66560E+00  -0.63626E+00   0.40211E+01   0.17191E+04
  231     6.3233  12.9594  -0.31140E+01  -0.67105E+00  -0.64172E+00   0.40207E+01   0.16617E+04
  232     6.3869  12.9710  -0.31360E+01  -0.67654E+00  -0.64720E+00   0.40204E+01   0.16061E+04
  233     6.4512  12.9825  -0.31582E+01  -0.68205E+00  -0.65272E+00   0.40201E+01   0.15517E+04
  234     6.5159  12.9938  -0.31804E+01  -0.68759E+00  -0.65826E+00   0.40197E+01   0.14991E+04
  235     6.5813  13.0050  -0.32027E+01  -0.69316E+00  -0.66382E+00   0.40194E+01   0.14480E+04
  236     6.6472  13.0160  -0.32251E+01  -0.69875E+00  -0.66941E+00   0.40191E+01   0.13981E+04
  237     6.7137  13.0269  -0.32476E+01  -0.70437E+00  -0.67503E+00   0.40188E+01   0.13501E+04
  238     6.7807  13.0377  -0.32701E+01  -0.71002E+00  -0.68068E+00   0.40185E+01   0.13034E+04
  239     6.8484  13.0483  -0.32928E+01  -0.71570E+00  -0.68636E+00   0.40182E+01   0.12581E+04
  240     6.9166  13.0588  -0.33155E+01  -0.72141E+00  -0.69207E+00   0.40179E+01   0.12141E+04
  241     6.9854  13.0691  -0.33383E+01  -0.72714E+00  -0.69781E+00   0.40176E+01   0.11713E+04
  242     7.0549  13.0794  -0.33612E+01  -0.73291E+00  -0.70357E+00   0.40173E+01   0.11297E+04
  243     7.1249  13.0894  -0.33842E+01  -0.73870E+00  -0.70937E+00   0.40171E+01   0.10895E+04
  244     7.1955  13.0994  -0.34073E+01  -0.74452E+00  -0.71519E+00   0.40168E+01   0.10505E+04
  245     7.2668  13.1092  -0.34305E+01  -0.75037E+00  -0.72104E+00   0.40165E+01   0.10126E+04
  246     7.3387  13.1189  -0.34537E+01  -0.75625E+00  -0.72692E+00   0.40163E+01   0.97603E+03
  247     7.4112  13.1285  -0.34771E+01  -0.76216E+00  -0.73282E+00   0.40160E+01   0.94075E+03
  248     7.4843  13.1380  -0.35005E+01  -0.76810E+00  -0.73876E+00   0.40158E+01   0.90641E+03
  249     7.5580  13.1473  -0.35240E+01  -0.77407E+00  -0.74473E+00   0.40155E+01   0.87325E+03
  250     7.6324  13.1565  -0.35477E+01  -0.78007E+00  -0.75074E+00   0.40153E+01   0.84097E+03
  251     7.7075  13.1656  -0.35714E+01  -0.78610E+00  -0.75677E+00   0.40150E+01   0.80971E+03
  252     7.7832  13.1746  -0.35952E+01  -0.79217E+00  -0.76283E+00   0.40148E+01   0.77930E+03
  253     7.8596  13.1834  -0.36191E+01  -0.79826E+00  -0.76892E+00   0.40146E+01   0.75010E+03
  254     7.9366  13.1922  -0.36430E+01  -0.80437E+00  -0.77504E+00   0.40143E+01   0.72177E+03
  255     8.0143  13.2008  -0.36671E+01  -0.81052E+00  -0.78118E+00   0.40141E+01   0.69446E+03
  256     8.0926  13.2093  -0.36913E+01  -0.81670E+00  -0.78737E+00   0.40139E+01   0.66810E+03
  257     8.1717  13.2178  -0.37155E+01  -0.82292E+00  -0.79358E+00   0.40137E+01   0.64253E+03
  258     8.2514  13.2261  -0.37399E+01  -0.82916E+00  -0.79983E+00   0.40135E+01   0.61782E+03
  259     8.3319  13.2343  -0.37643E+01  -0.83544E+00  -0.80611E+00   0.40133E+01   0.59390E+03
  260     8.4130  13.2424  -0.37889E+01  -0.84175E+00  -0.81242E+00   0.40131E+01   0.57072E+03
  261     8.4948  13.2503  -0.38136E+01  -0.84810E+00  -0.81876E+00   0.40129E+01   0.54837E+03
  262     8.5774  13.2582  -0.38383E+01  -0.85446E+00  -0.82512E+00   0.40127E+01   0.52684E+03
  263     8.6606  13.2660  -0.38631E+01  -0.86086E+00  -0.83153E+00   0.40125E+01   0.50593E+03
  264     8.7446  13.2737  -0.38880E+01  -0.86730E+00  -0.83796E+00   0.40123E+01   0.48583E+03
  265     8.8293  13.2813  -0.39131E+01  -0.87377E+00  -0.84443E+00   0.40121E+01   0.46646E+03
  266     8.9148  13.2888  -0.39382E+01  -0.88027E+00  -0.85093E+00   0.40119E+01   0.44769E+03
  267     9.0010  13.2962  -0.39634E+01  -0.88680E+00  -0.85747E+00   0.40117E+01   0.42963E+03
  268     9.0879  13.3035  -0.39887E+01  -0.89337E+00  -0.86403E+00   0.40115E+01   0.41220E+03
  269     9.1756  13.3107  -0.40142E+01  -0.89997E+00  -0.87063E+00   0.40114E+01   0.39538E+03
  270     9.2641  13.3178  -0.40397E+01  -0.90660E+00  -0.87726E+00   0.40112E+01   0.37921E+03
  271     9.3534  13.3248  -0.40653E+01  -0.91327E+00  -0.88393E+00   0.40110E+01   0.36356E+03
  272     9.4434  13.3317  -0.40911E+01  -0.91997E+00  -0.89064E+00   0.40108E+01   0.34850E+03
  273     9.5342  13.3386  -0.41169E+01  -0.92671E+00  -0.89737E+00   0.40107E+01   0.33396E+03
  274     9.6257  13.3453  -0.41428E+01  -0.93348E+00  -0.90414E+00   0.40105E+01   0.31995E+03
  275     9.7181  13.3520  -0.41688E+01  -0.94028E+00  -0.91094E+00   0.40104E+01   0.30648E+03
  276     9.8113  13.3586  -0.41950E+01  -0.94711E+00  -0.91778E+00   0.40102E+01   0.29353E+03
  277     9.9053  13.3651  -0.42212E+01  -0.95399E+00  -0.92465E+00   0.40101E+01   0.28060E+03
  278    10.0001  13.3715  -0.42476E+01  -0.96090E+00  -0.93156E+00   0.40099E+01   0.26908E+03
  279    10.0957  13.3778  -0.42740E+01  -0.96784E+00  -0.93850E+00   0.40098E+01   0.25746E+03
  280    10.1922  13.3841  -0.43002E+01  -0.97468E+00  -0.94535E+00   0.40096E+01   0.24653E+03
  281    10.2895  13.3902  -0.43273E+01  -0.98183E+00  -0.95250E+00   0.40095E+01   0.23555E+03
  282    10.3877  13.3963  -0.43541E+01  -0.98888E+00  -0.95955E+00   0.40093E+01   0.22580E+03
  283    10.4867  13.4023  -0.43809E+01  -0.99597E+00  -0.96663E+00   0.40092E+01   0.21538E+03
  284    10.5865  13.4083  -0.44079E+01  -0.10031E+01  -0.97375E+00   0.40090E+01   0.20589E+03
  285    10.6873  13.4141  -0.44350E+01  -0.10102E+01  -0.98091E+00   0.40089E+01   0.19677E+03
  286    10.7889  13.4199  -0.44622E+01  -0.10174E+01  -0.98810E+00   0.40088E+01   0.18799E+03
  287    10.8914  13.4256  -0.44896E+01  -0.10247E+01  -0.99534E+00   0.40087E+01   0.17953E+03
  288    10.9947  13.4312  -0.45170E+01  -0.10319E+01  -0.10026E+01   0.40085E+01   0.17145E+03
  289    11.0990  13.4368  -0.45445E+01  -0.10392E+01  -0.10099E+01   0.40084E+01   0.16367E+03
  290    11.2042  13.4423  -0.45722E+01  -0.10466E+01  -0.10173E+01   0.40083E+01   0.15620E+03
  291    11.3103  13.4477  -0.46000E+01  -0.10540E+01  -0.10246E+01   0.40082E+01   0.14904E+03
  292    11.4173  13.4530  -0.46279E+01  -0.10614E+01  -0.10320E+01   0.40080E+01   0.14219E+03
  293    11.5253  13.4583  -0.46559E+01  -0.10688E+01  -0.10395E+01   0.40079E+01   0.13561E+03
  294    11.6342  13.4635  -0.46840E+01  -0.10763E+01  -0.10470E+01   0.40078E+01   0.12929E+03
  295    11.7440  13.4687  -0.47122E+01  -0.10839E+01  -0.10545E+01   0.40077E+01   0.12324E+03
  296    11.8548  13.4738  -0.47405E+01  -0.10914E+01  -0.10621E+01   0.40076E+01   0.11745E+03
  297    11.9666  13.4788  -0.47690E+01  -0.10990E+01  -0.10697E+01   0.40075E+01   0.11189E+03
  298    12.0793  13.4837  -0.47976E+01  -0.11067E+01  -0.10774E+01   0.40074E+01   0.10657E+03
  299    12.1930  13.4886  -0.48263E+01  -0.11144E+01  -0.10851E+01   0.40073E+01   0.10149E+03
  300    12.3077  13.4934  -0.48551E+01  -0.11221E+01  -0.10928E+01   0.40072E+01   0.96582E+02
  301    12.4234  13.4982  -0.48841E+01  -0.11299E+01  -0.11006E+01   0.40071E+01   0.91928E+02
  302    12.5401  13.5029  -0.49131E+01  -0.11377E+01  -0.11084E+01   0.40069E+01   0.87463E+02
  303    12.6578  13.5075  -0.49423E+01  -0.11455E+01  -0.11162E+01   0.40068E+01   0.83198E+02
  304    12.7766  13.5121  -0.49716E+01  -0.11534E+01  -0.11241E+01   0.40068E+01   0.79088E+02
  305    12.8963  13.5166  -0.50010E+01  -0.11614E+01  -0.11320E+01   0.40067E+01   0.75214E+02
  306    13.0172  13.5211  -0.50306E+01  -0.11693E+01  -0.11400E+01   0.40066E+01   0.71475E+02
  307    13.1390  13.5255  -0.50603E+01  -0.11774E+01  -0.11480E+01   0.40065E+01   0.67899E+02
  308    13.2619  13.5298  -0.50900E+01  -0.11854E+01  -0.11561E+01   0.40064E+01   0.64509E+02
  309    13.3859  13.5341  -0.51200E+01  -0.11935E+01  -0.11642E+01   0.40063E+01   0.61259E+02
  310    13.5110  13.5383  -0.51500E+01  -0.12016E+01  -0.11723E+01   0.40062E+01   0.58164E+02
  311    13.6372  13.5425  -0.51802E+01  -0.12098E+01  -0.11805E+01   0.40061E+01   0.55195E+02
  312    13.7644  13.5466  -0.52105E+01  -0.12181E+01  -0.11887E+01   0.40060E+01   0.52366E+02
  313    13.8928  13.5507  -0.52409E+01  -0.12263E+01  -0.11970E+01   0.40059E+01   0.49664E+02
  314    14.0223  13.5547  -0.52715E+01  -0.12346E+01  -0.12053E+01   0.40059E+01   0.47087E+02
  315    14.1529  13.5587  -0.53022E+01  -0.12430E+01  -0.12136E+01   0.40058E+01   0.44637E+02
  316    14.2846  13.5626  -0.53330E+01  -0.12514E+01  -0.12220E+01   0.40057E+01   0.42314E+02
  317    14.4175  13.5665  -0.53640E+01  -0.12598E+01  -0.12305E+01   0.40056E+01   0.40087E+02
  318    14.5515  13.5703  -0.53951E+01  -0.12683E+01  -0.12390E+01   0.40055E+01   0.37965E+02
  319    14.6867  13.5741  -0.54263E+01  -0.12768E+01  -0.12475E+01   0.40055E+01   0.35960E+02
  320    14.8231  13.5778  -0.54577E+01  -0.12854E+01  -0.12561E+01   0.40054E+01   0.34023E+02
  321    14.9607  13.5815  -0.54891E+01  -0.12940E+01  -0.12647E+01   0.40053E+01   0.32195E+02
  322    15.0994  13.5851  -0.55208E+01  -0.13027E+01  -0.12734E+01   0.40052E+01   0.30455E+02
  323    15.2394  13.5887  -0.55525E+01  -0.13114E+01  -0.12821E+01   0.40052E+01   0.28799E+02
  324    15.3806  13.5922  -0.55844E+01  -0.13202E+01  -0.12908E+01   0.40051E+01   0.27226E+02
  325    15.5230  13.5957  -0.56165E+01  -0.13290E+01  -0.12996E+01   0.40050E+01   0.25729E+02
  326    15.6666  13.5991  -0.56486E+01  -0.13378E+01  -0.13085E+01   0.40050E+01   0.24304E+02
  327    15.8115  13.6025  -0.56810E+01  -0.13467E+01  -0.13174E+01   0.40049E+01   0.22959E+02
  328    15.9577  13.6059  -0.57134E+01  -0.13556E+01  -0.13263E+01   0.40048E+01   0.21686E+02
  329    16.1051  13.6092  -0.57460E+01  -0.13646E+01  -0.13353E+01   0.40048E+01   0.20465E+02
  330    16.2538  13.6124  -0.57788E+01  -0.13737E+01  -0.13443E+01   0.40047E+01   0.19309E+02
  331    16.4038  13.6157  -0.58117E+01  -0.13827E+01  -0.13534E+01   0.40046E+01   0.18218E+02
  332    16.5551  13.6188  -0.58447E+01  -0.13919E+01  -0.13625E+01   0.40046E+01   0.17179E+02
  333    16.7078  13.6220  -0.58779E+01  -0.14011E+01  -0.13717E+01   0.40045E+01   0.16191E+02
  334    16.8617  13.6251  -0.59112E+01  -0.14103E+01  -0.13810E+01   0.40045E+01   0.15260E+02
  335    17.0170  13.6281  -0.59447E+01  -0.14196E+01  -0.13902E+01   0.40044E+01   0.14375E+02
  336    17.1736  13.6312  -0.59783E+01  -0.14289E+01  -0.13996E+01   0.40043E+01   0.13533E+02
  337    17.3316  13.6342  -0.60120E+01  -0.14383E+01  -0.14089E+01   0.40043E+01   0.12744E+02
  338    17.4910  13.6371  -0.60459E+01  -0.14477E+01  -0.14184E+01   0.40042E+01   0.11997E+02
  339    17.6518  13.6400  -0.60800E+01  -0.14572E+01  -0.14278E+01   0.40042E+01   0.11284E+02
  340    17.8139  13.6429  -0.61143E+01  -0.14667E+01  -0.14374E+01   0.40041E+01   0.10613E+02
  341    17.9775  13.6457  -0.61486E+01  -0.14763E+01  -0.14469E+01   0.40041E+01   0.99768E+01
  342    18.1425  13.6485  -0.61831E+01  -0.14859E+01  -0.14566E+01   0.40040E+01   0.93756E+01
  343    18.3089  13.6513  -0.62178E+01  -0.14956E+01  -0.14662E+01   0.40040E+01   0.88083E+01
  344    18.4768  13.6540  -0.62526E+01  -0.15053E+01  -0.14760E+01   0.40039E+01   0.82763E+01
  345    18.6461  13.6567  -0.62876E+01  -0.15151E+01  -0.14858E+01   0.40039E+01   0.77680E+01
  346    18.8169  13.6593  -0.63228E+01  -0.15250E+01  -0.14956E+01   0.40038E+01   0.72889E+01
  347    18.9892  13.6619  -0.63581E+01  -0.15348E+01  -0.15055E+01   0.40038E+01   0.68396E+01
  348    19.1630  13.6645  -0.63935E+01  -0.15448E+01  -0.15154E+01   0.40037E+01   0.64144E+01
  349    19.3383  13.6671  -0.64292E+01  -0.15548E+01  -0.15254E+01   0.40037E+01   0.60131E+01
  350    19.5151  13.6696  -0.64649E+01  -0.15648E+01  -0.15355E+01   0.40036E+01   0.56367E+01
  351    19.6934  13.6721  -0.65009E+01  -0.15749E+01  -0.15456E+01   0.40036E+01   0.52786E+01
  352    19.8734  13.6745  -0.65370E+01  -0.15851E+01  -0.15557E+01   0.40035E+01   0.49430E+01
  353    20.0548  13.6770  -0.65732E+01  -0.15953E+01  -0.15659E+01   0.40035E+01   0.46299E+01
  354    20.2379  13.6794  -0.66097E+01  -0.16055E+01  -0.15762E+01   0.40034E+01   0.43323E+01
  355    20.4225  13.6817  -0.66463E+01  -0.16159E+01  -0.15865E+01   0.40034E+01   0.40508E+01
  356    20.6088  13.6840  -0.66830E+01  -0.16262E+01  -0.15969E+01   0.40033E+01   0.37894E+01
  357    20.7966  13.6863  -0.67200E+01  -0.16367E+01  -0.16073E+01   0.40033E+01   0.35403E+01
  358    20.9861  13.6886  -0.67571E+01  -0.16472E+01  -0.16178E+01   0.40033E+01   0.33077E+01
  359    21.1773  13.6909  -0.67943E+01  -0.16577E+01  -0.16284E+01   0.40032E+01   0.30907E+01
  360    21.3701  13.6931  -0.68317E+01  -0.16683E+01  -0.16390E+01   0.40032E+01   0.28847E+01
  361    21.5646  13.6953  -0.68694E+01  -0.16790E+01  -0.16496E+01   0.40031E+01   0.26922E+01
  362    21.7607  13.6974  -0.69072E+01  -0.16897E+01  -0.16603E+01   0.40031E+01   0.25112E+01
  363    21.9586  13.6995  -0.69452E+01  -0.17005E+01  -0.16711E+01   0.40031E+01   0.23421E+01
  364    22.1582  13.7016  -0.69833E+01  -0.17113E+01  -0.16820E+01   0.40030E+01   0.21831E+01
  365    22.3596  13.7037  -0.70216E+01  -0.17222E+01  -0.16928E+01   0.40030E+01   0.20352E+01
  366    22.5626  13.7058  -0.70601E+01  -0.17331E+01  -0.17038E+01   0.40030E+01   0.18957E+01
  367    22.7675  13.7078  -0.70988E+01  -0.17442E+01  -0.17148E+01   0.40000E+01   0.17641E+01
  368    22.9741  13.7098  -0.71376E+01  -0.17552E+01  -0.17259E+01   0.40000E+01   0.16424E+01
  369    23.1825  13.7117  -0.71766E+01  -0.17664E+01  -0.17370E+01   0.40000E+01   0.15283E+01
  370    23.3928  13.7137  -0.72159E+01  -0.17776E+01  -0.17482E+01   0.40000E+01   0.14199E+01
  371    23.6049  13.7156  -0.72552E+01  -0.17888E+01  -0.17595E+01   0.40000E+01   0.13199E+01
  372    23.8188  13.7175  -0.72948E+01  -0.18001E+01  -0.17708E+01   0.40000E+01   0.12283E+01
  373    24.0345  13.7194  -0.73345E+01  -0.18115E+01  -0.17821E+01   0.40000E+01   0.11395E+01
  374    24.2522  13.7212  -0.73745E+01  -0.18229E+01  -0.17936E+01   0.40000E+01   0.10577E+01
  375    24.4717  13.7230  -0.74146E+01  -0.18344E+01  -0.18051E+01   0.40000E+01   0.98026E+00
  376    24.6932  13.7248  -0.74549E+01  -0.18460E+01  -0.18167E+01   0.40000E+01   0.91024E+00
  377    24.9166  13.7266  -0.74954E+01  -0.18576E+01  -0.18283E+01   0.40000E+01   0.84392E+00
  378    25.1419  13.7284  -0.75361E+01  -0.18693E+01  -0.18400E+01   0.40000E+01   0.78266E+00
  379    25.3691  13.7301  -0.75770E+01  -0.18810E+01  -0.18517E+01   0.40000E+01   0.72502E+00
  380    25.5984  13.7318  -0.76181E+01  -0.18928E+01  -0.18635E+01   0.40000E+01   0.67066E+00
  381    25.8296  13.7335  -0.76593E+01  -0.19047E+01  -0.18754E+01   0.40000E+01   0.62098E+00
  382    26.0629  13.7351  -0.77008E+01  -0.19167E+01  -0.18873E+01   0.40000E+01   0.57465E+00
  383    26.2982  13.7368  -0.77424E+01  -0.19287E+01  -0.18993E+01   0.40000E+01   0.53152E+00
  384    26.5355  13.7384  -0.77843E+01  -0.19407E+01  -0.19114E+01   0.40000E+01   0.49084E+00
  385    26.7749  13.7400  -0.78263E+01  -0.19529E+01  -0.19235E+01   0.40000E+01   0.45376E+00
  386    27.0164  13.7416  -0.78685E+01  -0.19651E+01  -0.19357E+01   0.40000E+01   0.41913E+00
  387    27.2599  13.7431  -0.79110E+01  -0.19773E+01  -0.19480E+01   0.40000E+01   0.38690E+00
  388    27.5056  13.7447  -0.79536E+01  -0.19897E+01  -0.19603E+01   0.40000E+01   0.35671E+00
  389    27.7534  13.7462  -0.79965E+01  -0.20021E+01  -0.19727E+01   0.40000E+01   0.32888E+00
  390    28.0034  13.7477  -0.80395E+01  -0.20145E+01  -0.19852E+01   0.40000E+01   0.30335E+00
  391    28.2556  13.7492  -0.80827E+01  -0.20271E+01  -0.19977E+01   0.40000E+01   0.27956E+00
  392    28.5099  13.7506  -0.81262E+01  -0.20397E+01  -0.20103E+01   0.40000E+01   0.25759E+00
  393    28.7665  13.7521  -0.81698E+01  -0.20523E+01  -0.20230E+01   0.40000E+01   0.23689E+00
  394    29.0253  13.7535  -0.82136E+01  -0.20651E+01  -0.20357E+01   0.40000E+01   0.21806E+00
  395    29.2863  13.7549  -0.82577E+01  -0.20779E+01  -0.20485E+01   0.40000E+01   0.20034E+00
  396    29.5496  13.7563  -0.83019E+01  -0.20907E+01  -0.20614E+01   0.40000E+01   0.18422E+00
  397    29.8152  13.7577  -0.83464E+01  -0.21037E+01  -0.20743E+01   0.40000E+01   0.16921E+00
  398    30.0831  13.7590  -0.83911E+01  -0.21167E+01  -0.20874E+01   0.40000E+01   0.15548E+00
  399    30.3534  13.7604  -0.84359E+01  -0.21298E+01  -0.21004E+01   0.40000E+01   0.14272E+00
  400    30.6259  13.7617  -0.84810E+01  -0.21429E+01  -0.21136E+01   0.40000E+01   0.13091E+00
