0.00072352600758888 466.1517747534773
0.0012026502534169675 466.7762344071233
0.0016817744992450553 464.62497630870416
0.002160898745073143 459.4354717509874
0.0026400229909012305 450.6175184064443
0.003119147236729318 439.8312744875034
0.003598271482557406 428.8717220254772
0.0040773957283854936 418.0454246954214
0.0045565199742135815 407.3564263154782
0.005035644220041669 396.80717039095737
0.005514768465869757 386.3995204311832
0.0059938927116978446 376.130064907323
0.006473016957525932 366.0030629924769
0.0069521412033540205 356.0179967264047
0.007431265449182107 346.17149546264613
0.007910389695010196 336.46354186939857
0.008389513940838282 326.15869284945336
0.00886863818666637 314.3222824316497
0.009347762432494458 300.91539966081746
0.009826886678322546 286.394919460924
0.010306010924150634 271.199682413495
0.01078513516997872 255.67091376162335
0.011264259415806808 240.1256241173111
0.011743383661634896 224.8278679049278
0.012222507907462984 209.99524667251626
0.012701632153291073 195.80696853078842
0.01318075639911916 182.3927732418195
0.013659880644947246 169.84251783562019
0.014139004890775334 158.21342075893523
0.014618129136603424 147.52833220672812
0.01509725338243151 137.78272085364966
0.015576377628259596 128.95369487734558
0.016055501874087684 121.00178207077977
0.016534626119915772 113.87606953521286
0.017013750365743863 107.51816260715893
0.017492874611571948 101.85999117271807
0.017971998857400036 96.8306311474927
0.018451123103228124 92.35903646951922
0.018930247349056212 88.37591139643101
0.019409371594884296 84.81454931829106
0.019888495840712384 81.61580381438591
0.020367620086540472 78.72373689608105
0.020846744332368564 76.08754675129498
0.02132586857819665 73.66216183758684
0.021804992824024736 71.40839848885659
0.022284117069852824 69.29283811142699
0.022763241315680912 67.28765334692132
0.023242365561509 65.37035566795117
0.02372148980733709 63.522903017251096
0.024200614053165176 61.7311709987917
0.024679738298993264 59.985222239563335
0.025158862544821352 58.27842274206019
0.02563798679064944 56.60399573796603
0.026117111036477524 54.958747120045054
0.026596235282305612 53.34094167640558
0.0270753595281337 51.74986401346116
0.02755448377396179 50.18564635358725
0.02803360801978988 48.64919631734902
0.028512732265617964 47.14187358627264
0.028991856511446052 45.66513513747516
0.02947098075727414 44.22035680053484
0.029950105003102228 42.80875385226794
0.030429229248930312 41.43136856608619
0.0309083534947584 40.08892415510217
0.03138747774058649 38.781388159013986
0.031866601986414576 37.509793442628116
0.03234572623224267 36.27458161957645
0.03282485047807075 35.075837755992936
0.033303974723898844 33.91353775976859
0.03378309896972693 32.78761233057405
0.03426222321555501 31.698021264614546
0.034741347461383104 30.64475354563679
0.03522047170721119 29.62786138465915
0.03569959595303928 28.64757280566825
0.03617872019886737 27.70410154002555
0.036657844444695456 26.797626551708017
0.03713696869052354 25.928443508537942
0.03761609293635163 25.09689007878679
0.038095217182179716 24.303310204285495
0.0385743414280078 23.54789798373662
0.03905346567383589 22.83044692260038
0.03953258991966398 22.151226700124937
0.04001171416549207 21.510804541127243
0.04049083841132016 20.90904421628
0.040969962657148244 20.34562511436893
0.041449086902976336 19.820072587957807
0.04192821114880441 19.331671019399437
0.042407335394632505 18.87954116573553
0.04288645964046059 18.462582609864032
0.04336558388628868 18.079529630370082
0.04384470813211677 17.728966620829226
0.044323832377944856 17.409244295339036
0.04480295662377295 17.11864067715606
0.04528208086960103 16.85527662478769
0.045761205115429124 16.617236480813254
0.046240329361257215 16.402624025667425
0.04671945360708529 16.209487877208787
0.047198577852913384 16.03601550585976
0.04767770209874147 15.88026979867432
0.04815682634456956 15.74122441782298
0.050127026507094996 15.228342684527291
0.053712076616511666 14.358027320017563
0.057553527018974024 13.496679892724668
0.06166971528533263 12.647122481451401
0.06608029047675716 11.81340506343079
0.07080630694155914 10.998243277820286
0.07587032482045585 10.205096746022823
0.08129651773976257 9.435915510379251
0.08711078820674917 8.692796885889802
0.09334089125800855 7.977707030623312
0.10001656695103105 7.2918433920368635
0.1071696823316221 6.63618280703516
0.1148343835545196 6.011470211453789
0.12304725888371257 5.418056588830307
0.13184751335045805 4.856807719287781
0.14127715590259915 4.3286638515057785
0.151381199938703 3.8345561736761575
0.16220787818434745 3.375891005077396
0.1738088729361728 2.954233375916118
0.1862395627727077 2.5706478097770757
0.19955928690996197 2.2262202623007226
0.21383162846347983 1.9212002955479337
0.22912471796900036 1.6550123059233401
0.24551155861090673 1.4262299857913323
0.2630703747105603 1.2322790719284873
0.28188498513846033 1.0698538971669587
0.30204520343249874 0.9349148094920666
0.323647266532322 0.8228613767047599
0.346794294176749 0.7291686857042934
0.37159678115665046 0.6495229150792785
0.39817312477351485 0.5801316267980156
0.4266501900215958 0.518053886394318
0.4571639151914247 0.46123289227902015
0.48985996078564636 0.40854973849856957
0.5248944048447668 0.35963930524044024
0.5624344880022448 0.31473626149703604
0.6026594118257995 0.2742086672875609
0.6457611942546224 0.2383994539326828
0.6919455862171027 0.207389840788956
0.7414330538055244 0.18093247088369646
0.7944598306940099 0.15845186005581896
0.8512790458244608 0.13920832149458195
0.9121619317450813 0.1224886768704456
0.9773991193676695 0.10767097162479608
1.047302025324624 0.09424473901586825
1.1222043385496765 0.08204038272613648
1.2024636131775064 0.07099018988385462
1.288462975365548 0.06121648079984059
1.3806129521879456 0.05271881558137658
1.4793534313304262 0.04541082447909285
1.5851557609401479 0.03914081404227068
1.698524999656072 0.03379291213041542
1.8200023275602335 0.029185787785529282
1.9501676295580828 0.025140592029089796
2.0896422635209917 0.02158097645027381
2.239092026403145 0.01845002072095043
2.3992303324945583 0.01578618488992279
2.570821618979594 0.010248782022524047
2.7546849950587733 0.0035999043350880082
2.9516981520539143 0.0028723464318871775
3.162801553159951 0.002616860898094639
3.3890029228463767 0.0023929337726968708
3.6313820573365376 0.0021838902788714537
3.8910959791296 0.0019963032439583714
4.169384460169656 0.0018268231137079103
4.467575940029308 0.0016731049898619373
4.787093867357171 0.0015342464225049832
5.129463494857365 0.0014085959799002607
5.496319160251761 0.0012965400967009117
5.889412087957105 0.001199126838114615
6.310618748745404 0.0011133114269903206
6.761949817275639 0.001028390114403531
7.245559770256676 0.0009543465174592658
7.7637571710839435 0.000889747638231397
8.31901568999471 0.0008310670529311385
8.913985912402127 0.0007770396663217027
9.551507991755921 0.0007284121671929731
10.234625207299391 0.0006854790161652662
10.966598491491629 0.0006469958380302715
11.750921996422736 0.000612038508615909
12.591339773508126 0.0005807960824752504
13.491863646119919 0.0005529559271308691
14.456792360451637 0.0005274599006505293
15.4907321060346 0.0005040001514681231
16.598618503879592 0.00048317843761472735
17.785740167181803 0.00046500928568887594
19.057763947074225 0.00044885113868227725
20.420761983951113 0.0004338911060114837
21.88124069346614 0.0004200299858086344
23.446171825599464 0.0004075490341371379
25.123025745048928 0.00039661131731114253
26.91980709180157 0.00038694551890311674
28.845092992136742 0.0003780702305650179
30.90807400244746 0.0003699833550598036
33.11859798133364 0.00036248457139102775
35.48721709940257 0.0003558678470266201
38.025238211168926 0.0003498472760624212
40.74477682952625 0.0003447383237775088
43.658814960435464 0.0003408086055912209
46.78126307390251 0.00033387035494214783
