0.0012570438779153097 423.9479472907517
0.002089467583023106 424.5275707563668
0.0029218912881309035 422.42468007442193
0.0037543149932387 417.33274923140914
0.004586738698346497 408.7838559631134
0.005419162403454293 398.67609357551686
0.006251586108562091 388.53658600884563
0.007084009813669888 378.47695054680423
0.007916433518777685 368.5217677913224
0.008748857223885482 358.6743894812075
0.009581280928993277 348.9265336156993
0.010413704634101077 339.3038871681989
0.01124612833920887 328.74792779372274
0.01207855204431667 316.34185188408173
0.012910975749424465 302.39210931545347
0.013743399454532262 287.3512262363545
0.014575823159640058 271.6366699261475
0.015408246864747857 255.62972829869494
0.016240670569855654 239.6751241738105
0.01707309427496345 224.06008303542598
0.01790551798007125 209.014136496979
0.018737941685179043 194.71999260016244
0.019570365390286837 181.3136677008635
0.020402789095394638 168.8831417376682
0.021235212800502435 157.46835926354964
0.022067636505610232 147.0771165673371
0.02290006021071803 137.68812709746103
0.023732483915825824 129.2574896090834
0.02456490762093362 121.72483466372384
0.02539733132604142 115.01713751243366
0.026229755031149216 109.04957593672259
0.02706217873625701 103.74424619011384
0.027894602441364807 99.01754528770446
0.028727026146472608 94.78738529454516
0.029559449851580405 90.97702418026765
0.0303918735566882 87.51666450247413
0.031224297261795996 84.3443137889126
0.0320567209669038 81.4066029714007
0.032889144672011594 78.65860492653971
0.033721568377119385 76.06309987561275
0.03455399208222718 73.59077333365187
0.03538641578733498 71.21766024189037
0.03621883949244278 68.92764173153758
0.037051263197550574 66.7099048523734
0.03788368690265837 64.55759856641495
0.03871611060776617 62.467032712110324
0.039548534312873966 60.437720887870114
0.04038095801798176 58.47038886457804
0.04121338172308956 56.56681544512702
0.04204580542819735 54.729211299421905
0.042878229133305155 52.95959598599127
0.04371065283841295 51.25953698211707
0.04454307654352075 49.63011574927464
0.04537550024862854 48.071728187595795
0.04620792395373634 46.583842747899254
0.047040347658844135 45.165083344539454
0.04787277136395193 43.81343586404102
0.04870519506905974 42.52625215793336
0.04953761877416753 41.30023169276822
0.050370042479275325 40.13160949722888
0.05120246618438312 39.01642634505943
0.05203488988949092 37.950553391950265
0.05286731359459871 36.929666125853885
0.053699737299706514 35.94945490464245
0.05453216100481431 35.005772637629406
0.05536458470992211 34.09454216394715
0.056197008415029906 33.211894687961035
0.057029432120137696 32.354180377850476
0.057861855825245494 31.517955693278775
0.05869427953035329 30.700369761802353
0.05952670323546109 29.89806437133398
0.060359126940568886 29.108495366132342
0.06119155064567668 28.329627831669576
0.06202397435078448 27.55988662873042
0.06285639805589228 26.798039582762346
0.06368882176100008 26.043140130516548
0.06452124546610787 25.294714892848226
0.06535366917121567 24.552526015265368
0.06618609287632346 23.816864724555607
0.06701851658143126 23.088687632241786
0.06785094028653905 22.369164465428625
0.06868336399164686 21.659984529301447
0.06951578769675465 20.962948076694325
0.07034821140186245 20.280327873337406
0.07118063510697024 19.614544351463806
0.07201305881207805 18.968194151801786
0.07284548251718584 18.344038530325857
0.07367790622229363 17.744787652606774
0.07451032992740143 17.17310824906634
0.07534275363250922 16.63151654970705
0.07617517733761703 16.1222847334299
0.07700760104272482 15.647419981667614
0.07784002474783262 15.208649875953911
0.07867244845294043 14.80740390302827
0.07950487215804822 14.444864677460064
0.08033729586315602 14.121976355915043
0.0811697195682638 13.839527488918492
0.0820021432733716 13.59815948714959
0.0828345669784794 13.398409980099615
0.0836669906835872 13.240944826723913
0.08708998864992654 12.764250739839744
0.09331860413132405 11.98277280357022
0.09999268586450544 11.23316086128655
0.10714409328635587 10.51556236342547
0.11480696439853806 9.829848848831475
0.12301787872876895 9.17696900643044
0.13181603194724714 8.556676071297133
0.14124342297128578 7.967654471333085
0.15134505445157706 7.408136247425949
0.16216914759712311 6.875878892893331
0.17376737236422815 6.367804760451137
0.18619509410868698 5.880843676113896
0.19951163787799953 5.412088098933328
0.21378057160582478 4.958556777015563
0.22907000956035517 4.517604801632661
0.24545293749490152 4.087292634915751
0.2630075610530751 3.6659380556670214
0.28181767909181665 3.2544012935553823
0.30197308370416337 2.85530665396107
0.3235699888511573 2.4742519343659484
0.34671148964952275 2.118032081245266
0.3715080545071613 1.7960112338911247
0.39807805245566474 1.5147073253870695
0.426548318197635 1.2796263397954308
0.4570547575653986 1.091467295708096
0.48974299628202544 0.9458319757862924
0.5247690751211391 0.8354643038707084
0.5623001947839487 0.7511963948804947
0.602515514049841 0.6830991457060249
0.6456070050095898 0.6233228424619426
0.6917803694644247 0.5671654766385219
0.7412560208655219 0.505249926024494
0.794270136481002 0.43702577751017946
0.8510757848131489 0.3713372798782463
0.9119441336475531 0.3124703195062968
0.9771657445013171 0.26388313040270484
1.0470519596499794 0.225452433322902
1.1219363883520586 0.1953550715120549
1.202176499367757 0.17117621195746602
1.2881553273754234 0.1503490781101041
1.3802833014276394 0.13241185616036172
1.479000204176864 0.11368282218923129
1.5847772712257369 0.08336729437774812
1.6981194406201288 0.034213493101235684
1.819567763223632 0.019994744291403306
1.9497019854819535 0.01859063984153598
2.0891433169042295 0.016784483561181982
2.2385573954711555 0.015362397830776805
2.39865746512954 0.014115891474535621
2.5702077805385297 0.01302416768191577
2.75402725531911 0.01203634327518547
2.950993371225131 0.011032903714509337
3.1620463668960275 0.010185180715013037
3.388193726185381 0.009420249930612475
3.630514987492654 0.008691994240391604
3.8901668970528336 0.008069645701162753
4.16838893078838 0.007501705033127455
4.466509211078552 0.006983981505204528
4.785950846692157 0.006520595674350918
5.12823872614905 0.006114385029327537
5.495006796935843 0.00575028235435749
5.8880058653286245 0.005420036505036616
6.309111954051828 0.0051078406561679245
6.760335257671968 0.004831512907721347
7.243829738473724 0.004585667707756855
7.761903408628609 0.004366340056948326
8.317029347736387 0.004161062861303015
8.911857508326586 0.003982947435422081
9.549227365699576 0.0038246375637628564
10.232181472450337 0.003681132768158746
10.96397998242448 0.003549004316421738
11.748116213407457 0.0034266779147528823
12.588333322837412 0.003321840515085937
13.488642176187819 0.003226262205967519
14.453340493229806 0.0031407165626124887
15.487033363665125 0.0030644542418808273
16.59465523002779 0.0029926087039942517
17.781493442739844 0.002929511643481499
19.053213499849722 0.0028731497405007703
20.41588609190249 0.002822178833858355
21.87601608100534 0.0027774913834319606
23.44057355248529 0.002736277048208666
25.11702708733127 0.0026967141455547764
26.91337941424982 0.0026626881204068528
28.83820561155223 0.0026335173914829556
30.90069404119084 0.0026055302843391295
33.1106902103749 0.002579668165671414
35.47874377015824 0.0025574975709702886
38.01615887530357 0.0025375159359533124
40.73504814586737 0.0025184701881664
43.64839048808207 0.002501172516859637
46.770093050529866 0.0024866489702579098
50.115057611400466 0.002474537182820018
53.69925171370863 0.0024635485502920175
57.539784888049994 0.002453373157379383
61.65499032676527 0.0024442036353239972
66.06451239936857 0.0024345445463816702
70.78940042703272 0.002425110980493068
75.8522091637611 0.0024178120130404425
81.27710646389001 0.002405095393332595
