0.0005708549135023057 658.5026847179453
0.000669907364246998 657.5969507797507
0.0007689598149916904 654.6775982277313
0.0008680122657363826 649.7883770853755
0.0009670647164810749 643.8057182419145
0.0010661171672257672 637.875580588262
0.0011651696179704597 631.9850523509447
0.0012642220687151518 626.1013621541773
0.0013632745194598443 620.2012124836485
0.0014623269702045364 614.258959186126
0.001561379420949229 608.2090880222001
0.0016604318716939208 601.764146276563
0.0017594843224386133 594.3051476276889
0.0018585367731833058 585.6024410672271
0.001957589223927998 575.8617233050905
0.0020566416746726907 565.2493520998134
0.0021556941254173827 553.924324757009
0.0022547465761620753 542.0281949679659
0.0023537990269067678 529.6915644185605
0.0024528514776514594 517.0286816203194
0.0025519039283961515 504.1432175686733
0.002650956379140844 491.1342655568327
0.0027500088298855366 478.0672491286713
0.0028490612806302286 465.03598796162987
0.0029481137313749207 452.10760627340505
0.0030471661821196137 439.35210814021957
0.0031462186328643058 426.82799205093704
0.003245271083608998 414.580499120926
0.0033443235343536904 402.641116148184
0.003443375985098383 391.01437180396505
0.003542428435843075 379.7273301799097
0.003641480886587767 368.7694542862464
0.0037405333373324596 358.17382708375686
0.003839585788077152 347.95527397129723
0.003938638238821844 338.1456258283692
0.004037690689566537 328.7552017004241
0.004136743140311229 319.78798378430093
0.004235795591055921 311.2398763966364
0.004334848041800614 303.1015767848204
0.004433900492545305 295.3634836298353
0.004532952943289998 288.00507653848615
0.00463200539403469 281.0112057993376
0.004731057844779382 274.35763177556544
0.004830110295524075 268.0260769114524
0.004929162746268767 261.9975571497538
0.005028215197013459 256.2469898879267
0.005127267647758152 250.75561425425468
0.0052263200985028435 245.49977150243814
0.005325372549247536 240.45797922411754
0.005424424999992229 235.60967093013045
0.005523477450736921 230.93471725565217
0.0056225299014816136 226.41271856102423
0.0057215823522263065 222.02148436567967
0.005820634802970998 217.74736431162194
0.005919687253715691 213.5677731329369
0.006018739704460383 209.46766647409288
0.006117792155205075 205.43716077935858
0.006216844605949768 201.4616283092362
0.00631589705669446 197.52923793644953
0.006414949507439152 193.62921257040017
0.006514001958183845 189.75463024195335
0.006613054408928536 185.8974875606695
0.006712106859673229 182.04462537884854
0.006811159310417922 178.1898230132939
0.006910211761162613 174.33420242152073
0.007009264211907306 170.47711982557652
0.007108316662651998 166.6141634299645
0.00720736911339669 162.74333418847334
0.007306421564141383 158.8654760578941
0.0074054740148860754 154.98361160974548
0.0075045264656307675 151.10291387579667
0.0076035789163754605 147.2265283000364
0.007702631367120152 143.35870427343093
0.007801683817864845 139.5055697570292
0.007900736268609538 135.67656505000983
0.007999788719354228 131.88065652863622
0.008098841170098922 128.12683366244516
0.008197893620843614 124.42240093275164
0.008296946071588306 120.77604064147222
0.008395998522332998 117.19870292095679
0.008495050973077692 113.6986962116651
0.008594103423822382 110.28430148937215
0.008693155874567074 106.96338235851343
0.008792208325311768 103.74652157256455
0.00889126077605646 100.63926637636764
0.00899031322680115 97.65294365716267
0.009089365677545846 94.79047120307354
0.009188418128290536 92.06136472738433
0.009287470579035229 89.47264814523226
0.009386523029779922 87.03164107640859
0.009485575480524614 84.74757330730446
0.009584627931269305 82.61652537641768
0.009683680382014 80.64838802998113
0.00978273283275869 78.83875005927128
0.009881785283503383 77.19978303010814
0.009980837734248075 75.73886473553151
0.010079890184992769 74.45932374844622
0.010178942635737459 73.36791180806787
0.010277995086482153 72.47411499532558
0.010377047537226845 71.78420574289238
0.01092954227688294 69.06980378437444
0.011984004800425229 64.34541935911435
0.013140199966140667 59.6185676442918
0.014407942755837603 54.88777304640351
0.015797995083056782 50.20870607029291
0.017322157151346693 45.64393799817853
0.018993367626616943 41.24857901367872
0.020825813473919378 37.0845406051678
0.02283505039110017 33.189299066149744
0.025038134861674548 29.588812157414026
0.02745376894791633 26.289285498227613
0.03010245905334068 23.313484395585135
0.0330066900022825 20.66646656849425
0.03619111591435999 18.326339612988352
0.039682769494186004 16.263970127967564
0.043511291512952716 14.44752199389694
0.047709182429980346 12.84274576291179
0.05231207829029066 11.415337493359743
0.05735905324024328 10.13352122095472
0.06289295122934142 8.973825030262704
0.0689607497140652 7.912713473398339
0.07561395845116052 6.933347810228559
0.08290905676577773 6.027362471143298
0.09090797300647131 5.191069949563316
0.09967861025716743 4.4255114528921355
0.10929542276882942 3.7349793506925186
0.11984004800425228 3.123294123432769
0.13140199966140667 2.592351388932024
0.14407942755837602 2.1420948906371344
0.15797995083056782 1.768401669286999
0.17322157151346693 1.464563876660006
0.18993367626616944 1.2211889617438976
0.20825813473919375 1.0275452634040891
0.22835050391100173 0.8726951247059458
0.2503813486167455 0.7468214029488538
0.2745376894791633 0.6419623212647636
0.30102459053340674 0.5521394083748861
0.330066900022825 0.47326388822568183
0.36191115914359995 0.40338506704771204
0.39682769494186004 0.3417285000592748
0.43511291512952716 0.2879061519685869
0.47709182429980346 0.2416691608255574
0.5231207829029065 0.20254300617019155
0.5735905324024327 0.1699098149935756
0.6289295122934143 0.14266101846334708
0.6896074971406521 0.1197730390258346
0.7561395845116051 0.10043274566591465
0.8290905676577773 0.08410635030242186
0.9090797300647131 0.07008185147820645
0.9967861025716741 0.05792232658655119
1.0929542276882942 0.04744639006311387
1.1984004800425228 0.03878989395459169
1.3140199966140667 0.03176291933414685
1.4407942755837602 0.026164893510766316
1.5797995083056782 0.021557028289960152
1.732215715134669 0.017395594763819806
1.8993367626616942 0.011965789588464894
2.0825813473919377 0.004277608227173329
2.283505039110017 0.0024644900885293615
2.503813486167455 0.0022816676635726216
2.7453768947916326 0.0019409630742373363
3.0102459053340676 0.0016662472081272611
3.3006690002282504 0.0015233928747356703
3.6191115914359995 0.0014277141478141809
3.9682769494186005 0.0012900210292736626
4.351129151295272 0.0012109422521583905
4.770918242998035 0.001039967491831507
5.231207829029066 0.0009367652076282497
5.735905324024327 0.0008767530679336015
6.289295122934142 0.0008101956457248629
6.89607497140652 0.0007236996761425978
7.561395845116051 0.0006671223324654144
8.290905676577774 0.0006214735649616465
9.090797300647132 0.0005790417165299295
9.967861025716742 0.0005418101006702571
10.929542276882943 0.00050902502030809
11.984004800425227 0.00048030111567814234
13.140199966140667 0.0004555981607917991
14.407942755837603 0.00043474188269198075
15.797995083056783 0.00041721485914369386
17.322157151346694 0.0004023568645136749
18.99336762661694 0.0003894117609428799
20.82581347391938 0.00037789003520181437
22.835050391100175 0.00036748650138181946
25.038134861674546 0.00035815328965986104
27.453768947916323 0.0003499313908887745
30.10245905334068 0.00034281076856922685
33.0066900022825 0.00033672466690818845
36.19111591435999 0.00033151536255270834
39.682769494186 0.0003270378399493686
43.51129151295272 0.00032314252281679073
47.709182429980345 0.0003197553069156044
52.31207829029066 0.000316787500756006
57.35905324024327 0.0003142113711214517
62.89295122934143 0.00031195004148514097
68.96074971406519 0.00031000981058365
75.6139584511605 0.00030826978009760583
82.90905676577773 0.00030685659311062267
90.90797300647131 0.0003057424685199219
99.6786102571674 0.0003039217442335432
