0.0011526690389875173 581.6858715838973
0.0013526755389031593 581.0254850285644
0.0015526820388188018 579.0363836331683
0.001752688538734444 575.4516896315502
0.0019526950386500863 570.3306080715395
0.0021527015385657284 564.5448085735287
0.002352708038481371 558.7767759482437
0.002552714538397013 553.0136432428031
0.0027527210383126556 547.2624757032756
0.0029527275382282975 541.4515070425376
0.0031527340381439397 535.0628800285099
0.0033527405380595816 527.5676002992409
0.0035527470379752243 519.0408864273788
0.003752753537890867 509.58630074581924
0.003952760037806508 499.40732806396227
0.004152766537722151 488.5248412263495
0.004352773037637793 477.09542111386133
0.004552779537553436 465.2240262373173
0.004752786037469078 453.0152188722449
0.00495279253738472 440.58572734034055
0.005152799037300362 428.03647695236646
0.005352805537216005 415.44288314159746
0.0055528120371316474 402.93452125775195
0.005752818537047289 390.5568943832689
0.005952825036962931 378.43302426531346
0.006152831536878575 366.42937080797503
0.0063528380367942165 354.82647138075527
0.0065528445367098575 343.81781686597583
0.0067528510366255 333.1558001705547
0.006952857536541143 322.97335106863017
0.007152864036456785 313.32115491227194
0.007352870536372427 304.09606728211793
0.007552877036288069 295.2941776658515
0.007752883536203712 286.93519861584525
0.007952890036119353 279.0292206230107
0.008152896536034996 271.52569066121794
0.008352903035950638 264.42967047604225
0.008552909535866281 257.71279448953317
0.008752916035781924 251.3466001277438
0.008952922535697565 245.32308901915042
0.009152929035613207 239.60986497785132
0.00935293553552885 234.1706795260064
0.009552942035444491 228.96461424605417
0.009752948535360136 223.97070163441276
0.009952955035275777 219.17273391724507
0.01015296153519142 214.55435906431288
0.010352968035107062 210.10253215788424
0.010552974535022701 205.80422035331955
0.010752981034938346 201.64306152055502
0.010952987534853988 197.6123540183121
0.01115299403476963 193.7037070389665
0.011353000534685272 189.90334876405655
0.011553007034600916 186.20645184087888
0.011753013534516556 182.60462115276732
0.0119530200344322 179.09637275560297
0.012153026534347841 175.6765046943853
0.012353033034263484 172.3427277512738
0.012553039534179126 169.09196638590436
0.01275304603409477 165.92162862167544
0.01295305253401041 162.8288887831261
0.013153059033926055 159.8136203403655
0.013353065533841694 156.8802348902177
0.013553072033757337 154.01631437686706
0.013753078533672981 151.22012362518888
0.01395308503358862 148.49019468354595
0.014153091533504265 145.82528246254418
0.014353098033419906 143.22519090806327
0.014553104533335548 140.6878180907176
0.014753111033251191 138.20678226339294
0.014953117533166834 135.78373221151196
0.015153124033082475 133.41625351479593
0.01535313053299812 131.09947798411264
0.015553137032913758 128.82784647805005
0.015753143532829403 126.59494445799524
0.015953150032745046 124.39376898838923
0.016153156532660685 122.21698263809623
0.016353163032576327 120.05603446326725
0.016553169532491974 117.90090870233053
0.016753176032407613 115.74608561492545
0.016953182532323256 113.58602168565734
0.0171531890322389 111.41364720625447
0.01735319553215454 109.222189402672
0.01755320203207018 107.00518011760562
0.017753208531985826 104.75687386174076
0.017953215031901466 102.47298965850587
0.01815322153181711 100.15115534923042
0.018353228031732755 97.79124291585389
0.018553234531648394 95.39413246127415
0.018753241031564033 92.97036874505372
0.018953247531479683 90.5365216835167
0.019153254031395322 88.11147065001421
0.01935326053131096 85.71763462610727
0.019553267031226607 83.38117737619413
0.019753273531142247 81.1310099454935
0.01995328003105789 78.99932908915059
0.020153286530973532 77.01924186425181
0.020353293030889175 75.22509117327866
0.020553299530804814 73.6504883317625
0.02075330603072046 72.33198763481764
0.020953312530636103 71.30872096799484
0.02206890874526425 67.41108273200487
0.02419807725185175 60.63421031621277
0.026532664095242117 53.97245002733443
0.029092487666030068 47.567434966082345
0.03189927839736994 41.5304532100716
0.03497686323541279 35.9615930393099
0.03835136790711138 30.948980017506052
0.042051438702417294 26.549479500782603
0.046108485653657515 22.79255402188557
0.050556949176420965 19.682850753481624
0.05543459243545995 17.187163852025513
0.060782821917560924 15.245882453747718
0.06664703893266252 13.773979046796972
0.07307702502717038 12.66771832436811
0.08012736458130144 11.821908386639983
0.08785790817781644 11.132225328743015
0.09633428067572106 10.495726962772661
0.10562843830206525 9.844686166029762
0.11581927949087892 9.162168396515423
0.1269933146547594 8.393192131709712
0.13924540057488563 7.458237268399938
0.1526795456435871 6.3911258418711565
0.16740979279524854 5.298205133120188
0.18356118762083531 4.277179497873703
0.201270839884391 3.3943553707790928
0.2206890874526425 2.689128562900847
0.2419807725185175 2.1627808990354245
0.26532664095242114 1.7932918216083422
0.2909248766603007 1.5413068885468968
0.3189927839736994 1.361079977255113
0.3497686323541278 1.2109249323922882
0.3835136790711139 1.0622002430061537
0.42051438702417293 0.9045411722450432
0.4610848565365752 0.7445521679458921
0.5055694917642096 0.5998159109457262
0.5543459243545995 0.48276855017746745
0.6078282191756091 0.3961483828512574
0.6664703893266252 0.33489738806354385
0.7307702502717038 0.287913387879449
0.8012736458130144 0.24701980385896521
0.8785790817781644 0.20619767204124417
0.9633428067572106 0.16696507697743673
1.0562843830206525 0.13387495065346555
1.1581927949087891 0.10355505603007209
1.2699331465475943 0.048454994772957075
1.3924540057488564 0.01786065879331604
1.526795456435871 0.016618493882352973
1.6740979279524857 0.01426153833974357
1.835611876208353 0.013073614241530182
2.01270839884391 0.011603328269984378
2.206890874526425 0.010626955276051741
2.4198077251851746 0.009771735111375836
2.6532664095242113 0.008555976157651697
2.9092487666030067 0.00813590164987383
3.1899278397369937 0.006924695041168206
3.4976863235412785 0.006467005760412281
3.835136790711138 0.006234332883186927
4.20514387024173 0.0056035712960483645
4.610848565365751 0.0049177049373616355
5.055694917642096 0.004687942547154913
5.543459243545994 0.004461194655835698
6.078282191756092 0.004241917521548971
6.664703893266252 0.003887786236357581
7.307702502717039 0.0036725602267179613
8.012736458130144 0.003555845964604548
8.785790817781644 0.0033666465270542944
9.633428067572106 0.0032958072587574464
10.562843830206527 0.003137758930094573
11.581927949087891 0.0030495601613774624
12.69933146547594 0.0029443039536464943
13.924540057488562 0.002879677916583553
15.26795456435871 0.002801960111967065
16.740979279524854 0.002737994452638463
18.356118762083533 0.002689813544270867
20.1270839884391 0.0026517145421763445
22.068908745264253 0.002618204098614443
24.198077251851746 0.002586435859528558
26.53266409524211 0.0025560114401199214
29.092487666030067 0.0025279803737548127
31.89927839736994 0.0025035443123572225
34.976863235412786 0.002483091508930544
38.35136790711138 0.0024661209230478973
42.0514387024173 0.002451753766043451
46.108485653657524 0.0024392873680237942
50.556949176420964 0.002428329685614977
55.43459243545994 0.0024187004198756882
60.78282191756092 0.00241029724260035
66.64703893266253 0.0024029619324278852
73.07702502717038 0.002396598704099494
80.12736458130144 0.0023910430612657527
87.85790817781644 0.002386209900186109
96.33428067572106 0.0023820029148339354
105.62843830206526 0.0023783319774587372
115.81927949087891 0.0023751431448075016
126.99331465475942 0.0023723538333245376
139.2454005748856 0.00236995217491251
152.6795456435871 0.0023678022642810736
167.40979279524853 0.0023660525336737467
183.5611876208353 0.002364647010721982
201.270839884391 0.0023624392326501505
