0.00026496773985553763 952.2683201141965
0.00031094387736471766 952.8242219377539
0.00035692001487389773 954.2693151729983
0.00040289615238307775 956.6071950576326
0.0004488722898922578 959.7503925929445
0.0004948484274014378 963.4161719278484
0.0005408245649106179 967.3679202519487
0.0005868007024197978 971.3574681269091
0.000632776839928978 975.1999074090216
0.000678752977438158 978.7564423716633
0.0007247291149473381 981.9050490765519
0.000770705252456518 984.5212508611908
0.0008166813899656982 986.5072484469225
0.0008626575274748783 987.7878929614421
0.0009086336649840582 988.2678997539288
0.0009546098024932383 988.2824050999816
0.0010005859400024184 986.9850256365
0.0010465620775115985 983.1191410703047
0.0010925382150207786 977.2481652782299
0.0011385143525299585 970.6778195117731
0.0011844904900391385 964.1195509846013
0.0012304666275483186 957.58730742943
0.0012764427650574987 950.4229156322581
0.0013224189025666786 941.8377641561945
0.0013683950400758585 931.7693981721168
0.001414371177585039 920.3736578676138
0.0014603473150942188 907.7926978898699
0.0015063234526033987 894.1717637263583
0.0015522995901125789 879.6895028200256
0.001598275727621759 864.527359980819
0.001644251865130939 848.8461714492327
0.0016902280026401188 832.7893891959033
0.001736204140149299 816.5074826870298
0.001782180277658479 800.1280707233321
0.001828156415167659 783.7749157707857
0.0018741325526768391 767.5464090845412
0.001920108690186019 751.5165732900882
0.001966084827695199 735.7632261846724
0.0020120609652043795 720.3406117454468
0.002058037102713559 705.2917330478558
0.0021040132402227393 690.6397696264169
0.0021499893777319192 676.4157826909895
0.002195965515241099 662.6096070014953
0.0022419416527502795 649.2373855361134
0.0022879177902594594 636.2890270066257
0.0023338939277686393 623.7421984084181
0.0023798700652778197 611.6040640375061
0.002425846202786999 599.833756778848
0.0024718223402961795 588.4091758288872
0.00251779847780536 577.3374064819234
0.0025637746153145393 566.5848955956487
0.0026097507528237197 556.1229856482764
0.0026557268903329 545.9342062361347
0.00270170302784208 536.0031711120146
0.0027476791653512603 526.2954149378638
0.00279365530286044 516.7831816187547
0.00283963144036962 507.4435532288685
0.0028856075778788005 498.25190062284935
0.0029315837153879804 489.1817145085698
0.0029775598528971603 480.20437021819475
0.0030235359904063406 471.2911452192029
0.00306951212791552 462.4120828296438
0.0031154882654247005 453.54469121491536
0.003161464402933881 444.6588726554022
0.0032074405404430603 435.74488321046374
0.0032534166779522406 426.777120677718
0.0032993928154614206 417.75196531712623
0.0033453689529706005 408.6456186448936
0.003391345090479781 399.4604826024941
0.0034373212279889607 390.19094915597213
0.0034832973654981406 380.8543530215023
0.003529273503007321 371.4655246427867
0.0035752496405165005 362.05911432044553
0.003621225778025681 352.6561310319677
0.003667201915534861 343.30044613151426
0.0037131780530440407 334.0233181715387
0.003759154190553221 324.8717066610088
0.0038051303280624013 315.88232124860326
0.0038511064655715813 307.0946072995152
0.003897082603080761 298.5407026564402
0.003943058740589942 290.2474715550634
0.003989034878099121 282.233534880828
0.004035011015608301 274.5118652968214
0.004080987153117482 267.08696984296387
0.004126963290626662 259.95945781363656
0.004172939428135841 253.12000620635203
0.004218915565645022 246.56251674294566
0.004264891703154201 240.26895355847415
0.004310867840663381 234.23570433592784
0.004356843978172562 228.4501751565195
0.004402820115681742 222.9176114132561
0.004448796253190921 217.63933620903578
0.004494772390700103 212.6384015734791
0.004540748528209282 207.93489170770613
0.004586724665718462 203.57009522523438
0.0046327008032276415 199.58125842358277
0.004678676940736822 196.02543312615256
0.004724653078246001 192.9541896139243
0.004770629215755182 190.43901428576268
0.004816605353264362 188.54306135573398
0.005073051043729911 181.7877579562168
0.005562489857370319 170.12883332777267
0.006099148844873772 158.58920970248224
0.0066875837234373495 147.27496534606274
0.0073327897376318976 136.22730097280183
0.008040244064214809 125.514525456485
0.008815952308080995 115.23674766454852
0.009666499484049955 105.34276143662376
0.010599105917291336 95.69149377300062
0.011621688536923231 86.2973233411686
0.012742928083102414 77.11128948398152
0.013972342798141356 68.1531789976803
0.015320369227200915 59.5679763116255
0.01679845081448881 51.77128177139505
0.01841913504707054 44.735631311144815
0.02019617997093048 38.47058124324667
0.022144670983507895 32.903443961297825
0.024281148894180916 28.03238255478929
0.02662375033977758 23.823355453400318
0.029192361747125164 20.206065535939477
0.03200878814964508 17.10351630480661
0.03509693829105249 14.450230605047361
0.03848302758752354 12.189421529426312
0.042195800671295504 10.290877404062417
0.04626677540487875 8.700525647190611
0.050730510437299106 7.3681434901766885
0.05562489857370318 6.251253853571701
0.06099148844873771 5.314260672872354
0.0668758372343735 4.527066424486037
0.07332789737631898 3.864364878265449
0.08040244064214808 3.306778372243989
0.08815952308080995 2.836988107686393
0.09666499484049955 2.4404070899074046
0.10599105917291339 2.103157533826006
0.11621688536923233 1.8147134798971112
0.12742928083102414 1.5678765603596292
0.13972342798141352 1.3555400836018436
0.15320369227200914 1.1708549480077173
0.1679845081448881 1.008485271140347
0.18419135047070542 0.8653942568265942
0.20196179970930478 0.74210137645414
0.22144670983507894 0.6352012870178088
0.24281148894180915 0.5421590157397969
0.2662375033977758 0.4613890590297662
0.2919236174712517 0.3915942953817874
0.3200878814964508 0.33200600651271417
0.3509693829105249 0.2811122275808412
0.38483027587523544 0.23772091210580942
0.421958006712955 0.20074708191408686
0.4626677540487874 0.169270847813551
0.507305104372991 0.14248822222305463
0.5562489857370319 0.11969890639180375
0.6099148844873772 0.10015389416984818
0.6687583723437349 0.08325897220175274
0.7332789737631897 0.06902332645949
0.8040244064214808 0.05687558794721592
0.8815952308080994 0.04686804500209791
0.9666499484049955 0.038746662253636356
1.0599105917291336 0.03183704382734166
1.1621688536923231 0.02590719352120609
1.2742928083102414 0.02093489284131997
1.3972342798141353 0.01660971706967776
1.5320369227200916 0.012745483371583655
1.6798450814488812 0.005962380422380431
1.8419135047070543 0.002504283163701608
2.019617997093048 0.0021608910281479144
2.2144670983507897 0.0018492590325024246
2.428114889418092 0.0016651659199605458
2.662375033977758 0.0015153231531843839
2.919236174712516 0.001354014163590766
3.2008788149645078 0.0012416333874596382
3.509693829105249 0.001129778429060323
3.848302758752354 0.0009693877373035857
4.2195800671295505 0.0008982339137973734
4.626677540487874 0.0008532596405476656
5.073051043729911 0.0007498475233896078
5.562489857370318 0.0006916007044739574
6.099148844873771 0.000657909190223487
6.687583723437349 0.0006083000894667376
7.332789737631899 0.0005493152676043358
8.040244064214809 0.000529599525637115
8.815952308080993 0.0005083640088071825
9.666499484049956 0.0004759781385032496
10.59910591729134 0.00045252794172161474
11.621688536923232 0.00043026627543317215
12.742928083102413 0.000412410844619431
13.972342798141355 0.0003973805463808218
15.320369227200915 0.00038431449908370136
16.79845081448881 0.00037286881573765846
18.41913504707054 0.00036291597189947204
20.19617997093048 0.00035427963980360277
22.144670983507897 0.00034681772421078663
24.281148894180916 0.00034031964948816405
26.62375033977758 0.00033469357719916385
29.192361747125165 0.00032976020237859865
32.00878814964508 0.0003255263847899946
35.09693829105249 0.00032173000316783513
38.48302758752354 0.0003186489098785871
42.1958006712955 0.00031620206984653656
46.26677540487874 0.000312265493097617
