0.0006242345979869325 1448.9532577692125
0.0007325492770896879 1447.6821074410059
0.0008408639561924434 1443.5834843417492
0.0009491786352951988 1435.7078274668772
0.0010574933143979541 1424.4445756028608
0.0011658079935007095 1411.8565770195307
0.0012741226726034653 1399.5874960157926
0.0013824373517062204 1387.4034510409797
0.001490752030808976 1375.1028170395202
0.001599066709911731 1361.605433212419
0.0017073813890144866 1345.9724746061866
0.001815696068117242 1328.0452970191131
0.0019240107472199976 1308.5589043410996
0.0020323254263227533 1287.1219593609512
0.0021406401054255082 1263.6323734849466
0.002248954784528264 1238.0513282868424
0.002357269463631019 1210.3547289302187
0.0024655841427337747 1180.9682354969273
0.0025738988218365305 1150.2652695942193
0.0026822135009392854 1118.6299372286085
0.0027905281800420408 1086.6601281442638
0.002898842859144796 1054.5156627757876
0.003007157538247552 1022.3393286161277
0.0031154722173503072 990.2220802547167
0.003223786896453062 958.2843020770893
0.0033321015755558184 926.7138443124184
0.0034404162546585733 895.7873344168988
0.0035487309337613286 865.8490818307984
0.0036570456128640844 837.2759801945429
0.0037653602919668397 810.5180509621867
0.003873674971069595 785.7955437259677
0.00398198965017235 763.0115579995789
0.004090304329275106 741.8835096714782
0.0041986190083778616 721.9968365936668
0.0043069336874806165 703.1511840091289
0.004415248366583372 685.1448760427072
0.004523563045686127 667.8187338300318
0.004631877724788883 651.1475598991965
0.004740192403891639 635.2648440667451
0.004848507082994393 620.6594572538136
0.004956821762097149 606.8526851544398
0.005065136441199904 593.8746313705137
0.005173451120302659 581.7236035343382
0.005281765799405416 570.3319638145631
0.005390080478508171 559.5968321569953
0.005498395157610926 549.396505942239
0.005606709836713682 539.6184290273163
0.005715024515816436 530.307951751927
0.005823339194919192 521.5253381981853
0.005931653874021949 513.262449682597
0.006039968553124703 505.47501697341625
0.006148283232227459 498.07375659617037
0.006256597911330215 491.0620716518812
0.006364912590432969 483.5826420626473
0.006473227269535725 476.00375868146125
0.00658154194863848 468.4712022645533
0.006689856627741236 460.5614386346116
0.006798171306843992 452.7720135418309
0.0069064859859467465 445.19673525075126
0.007014800665049502 437.8793212453527
0.007123115344152258 430.77695297462856
0.007231430023255012 423.80067118215476
0.007339744702357768 416.92391853909317
0.0074480593814605246 410.10201246322794
0.007556374060563279 403.19427969485184
0.007664688739666034 396.3018890390483
0.00777300341876879 389.3777571140509
0.007881318097871544 382.44325725370754
0.0079896327769743 375.5059024055608
0.008097947456077056 368.5810712933559
0.00820626213517981 361.89143912543364
0.008314576814282567 355.4003303605467
0.008422891493385322 348.96779317879714
0.008531206172488077 342.2542455722049
0.008639520851590834 335.538501488332
0.008747835530693589 328.74834801606727
0.008856150209796344 322.04694123056754
0.0089644648888991 315.4348653653865
0.009072779568001855 308.88899199647614
0.00918109424710461 302.36925719625117
0.009289408926207367 295.864540044994
0.009397723605310122 289.33974966841055
0.009506038284412875 282.78876538645284
0.009614352963515633 276.20590172256345
0.009722667642618388 269.6515958864469
0.009830982321721141 263.11960119477845
0.0099392970008239 256.6383953618926
0.010047611679926653 250.23545635020446
0.010155926359029408 243.9398064190726
0.010264241038132166 237.76651963570856
0.01037255571723492 231.7580364224296
0.010480870396337674 225.96420908604267
0.010589185075440433 220.4427746479763
0.010697499754543186 215.25228718708138
0.01080581443364594 210.45676090650284
0.010914129112748697 206.09859464867978
0.011022443791851452 202.2057881086212
0.011130758470954207 198.79787746800102
0.011239073150056964 195.91729955804666
0.011347387829159719 193.6484226193694
0.011951545424271187 185.02008230892653
0.013104608967925958 169.43643446524874
0.014368918002312324 152.61934302579112
0.01575520529170797 137.21979745711923
0.017275239078119377 123.58198334876435
0.018941922982316062 111.07009039573363
0.02076940554313256 98.86092722796589
0.022773200324902515 87.12908858417374
0.024970317612659363 76.36725222533704
0.027379408813053657 66.70245734175586
0.030020924786801302 58.11099329086049
0.0329172894567795 50.54811269654806
0.03609309016549422 43.94974230206183
0.039575286397894406 38.210319600962634
0.0433934386414128 33.22390149280906
0.04757995932598829 28.882055877461937
0.05217038797432321 25.074443317596867
0.057203692898175666 21.70622611060235
0.0627226020017251 18.702034594871606
0.06877396550025688 16.007813432468772
0.0754091536333305 13.593115605231166
0.08268449274855924 11.447648030365288
0.09066174345795833 9.575654018308123
0.09940862492597663 7.969358326913764
0.10899938973990757 6.618317240187648
0.11951545424271189 5.5043004230624275
0.13104608967925957 4.601822705731225
0.14368918002312323 3.877374481481653
0.15755205291707972 3.2935903113408513
0.17275239078119375 2.8156084993269843
0.1894192298231606 2.4143124257123207
0.2076940554313256 2.0687653394077303
0.22773200324902515 1.766292020083747
0.24970317612659368 1.4999068865040142
0.2737940881305366 1.2674801424052475
0.300209247868013 1.068813440038329
0.3291728945677949 0.9012410087596683
0.3609309016549422 0.76187341971294
0.3957528639789441 0.6460612142461128
0.43393438641412796 0.5486568230689868
0.47579959325988286 0.46561084161831684
0.5217038797432321 0.39342668329346786
0.5720369289817566 0.3290856922608486
0.6272260200172508 0.2722608502341527
0.687739655002569 0.2249533162994688
0.7540915363333051 0.18503581025255272
0.8268449274855924 0.1517650857124897
0.9066174345795833 0.1253610978778043
0.9940862492597662 0.10171054413498547
1.0899938973990755 0.056513334752494426
1.1951545424271188 0.017014051478572136
1.3104608967925957 0.015421271262493569
1.436891800231232 0.013687336007439052
1.575520529170797 0.012424125498031244
1.7275239078119375 0.010967161456134352
1.894192298231606 0.010198420604336518
2.0769405543132557 0.00871431400964457
2.2773200324902514 0.00801555714334272
2.4970317612659363 0.007559960782587622
2.7379408813053656 0.006964901962439235
3.00209247868013 0.006587692616589183
3.291728945677949 0.005722403852595975
3.609309016549422 0.005122380679598734
3.957528639789441 0.00483724737856199
4.33934386414128 0.004641204811294973
4.757995932598829 0.004342643672731487
5.217038797432322 0.004097089340043731
5.720369289817567 0.0037364007934951515
6.272260200172508 0.0035753983231928913
6.877396550025687 0.003465313911353539
7.54091536333305 0.0033380891359833078
8.268449274855923 0.0031748874104163037
9.066174345795833 0.0031080114796465056
9.940862492597663 0.003005699175945254
10.899938973990755 0.0028936865522851294
11.95154542427119 0.0028542134049600798
13.104608967925957 0.002771873381768917
14.368918002312322 0.002739439274246952
15.75520529170797 0.002674577470921046
17.275239078119377 0.002636840489855007
18.94192298231606 0.002592764893517103
20.76940554313256 0.002565958949136014
22.773200324902515 0.0025368172865600945
24.970317612659368 0.002512695218233071
27.379408813053658 0.002492165647914087
30.020924786801295 0.00247431612187455
32.91728945677949 0.002458777017925492
36.09309016549422 0.0024451968394770154
39.57528639789441 0.0024333859747534036
43.393438641412786 0.002423058679844698
47.57995932598829 0.002414073563012968
52.17038797432321 0.0024062501333051104
57.203692898175674 0.0023994306517318544
62.722602001725086 0.002393504693512175
68.77396550025688 0.002388325996523657
75.40915363333049 0.002383862850451111
82.68449274855922 0.002379873914089758
90.66174345795832 0.002376624130868585
99.40862492597662 0.002373997341797219
108.99938973990754 0.0023699314631795993
