100.0 1.1867656e-25
104.69 1.2737908e-25
109.59 1.3817238e-25
114.73 1.4967404e-25
120.11 1.6186813e-25
125.74 1.7477401e-25
131.63 1.8840149e-25
137.8 2.0275485e-25
144.25 2.1791422e-25
151.02 2.3371232e-25
158.09 2.5020656e-25
165.5 2.677173e-25
173.26 2.8559227e-25
181.38 3.0409545e-25
189.88 3.2334023e-25
198.78 3.4306104e-25
208.09 3.6323266e-25
217.85 3.8385247e-25
228.06 4.0488138e-25
238.75 4.262634e-25
249.93 4.4794185e-25
261.65 4.698622e-25
273.91 4.919665e-25
286.75 5.1420064e-25
300.19 5.365112e-25
314.26 5.592561e-25
328.98 5.815992e-25
344.4 6.038693e-25
360.54 6.2601487e-25
377.44 6.479954e-25
395.13 6.6977077e-25
413.65 6.913078e-25
433.03 7.1257786e-25
453.33 7.335561e-25
474.57 7.542212e-25
496.82 7.7455836e-25
520.1 7.9450013e-25
544.48 8.140813e-25
569.99 8.333043e-25
596.71 8.521665e-25
624.67 8.706717e-25
653.95 8.888203e-25
684.6 9.066556e-25
716.68 9.241108e-25
750.27 9.412304e-25
785.43 9.580207e-25
822.24 9.744891e-25
860.78 9.906422e-25
901.12 1.0064855e-24
943.35 1.0220253e-24
987.57 1.0372655e-24
1033.8 1.0522108e-24
1082.3 1.0767493e-24
1133.0 1.0914473e-24
1186.1 1.10589365e-24
1241.7 1.1201147e-24
1299.9 1.1341245e-24
1360.8 1.1479601e-24
1424.6 1.1616972e-24
1491.4 1.175322e-24
1561.3 1.1889291e-24
1634.4 1.2026018e-24
1711.0 1.2164338e-24
1791.2 1.2305323e-24
1875.2 1.2450218e-24
1963.1 1.260041e-24
2055.1 1.2757639e-24
2151.4 1.2923536e-24
2252.2 1.309983e-24
2357.8 1.3288499e-24
2468.3 1.3491676e-24
2583.9 1.3711625e-24
2705.0 1.3950743e-24
2831.8 1.4211566e-24
2964.5 1.4496792e-24
3103.5 1.4809814e-24
3248.9 1.5154004e-24
3401.2 1.5532714e-24
3560.6 1.5949554e-24
3727.5 1.6406936e-24
3902.2 1.6907697e-24
4085.0 1.7459174e-24
4276.5 1.8067064e-24
4476.9 1.8801478e-24
4686.7 1.9568117e-24
4906.4 2.0422713e-24
5136.3 2.139014e-24
5377.1 2.2465216e-24
5629.1 2.3679254e-24
5892.9 2.505535e-24
6169.1 2.6619794e-24
6458.2 2.8406861e-24
6760.8 3.0454713e-24
7077.7 3.2817466e-24
7409.4 3.5572393e-24
7756.7 3.8789876e-24
8120.2 4.2469475e-24
8500.8 4.6652453e-24
8899.2 5.1470914e-24
9316.2 5.699814e-24
9752.9 6.332414e-24
10210.0 7.033357e-24
10688.0 7.7975335e-24
11189.0 8.652435e-24
11714.0 9.601343e-24
12263.0 1.0650363e-23
12837.0 1.1801799e-23
13439.0 1.30344765e-23
14069.0 1.4387187e-23
14728.0 1.5835616e-23
15419.0 1.7360665e-23
16141.0 1.8900964e-23
16898.0 2.0427531e-23
17690.0 2.1887856e-23
18519.0 2.3302809e-23
19387.0 2.4761344e-23
20295.0 2.6380168e-23
21246.0 2.826171e-23
22242.0 3.0438772e-23
23284.0 3.2970543e-23
24376.0 3.585702e-23
25518.0 3.912998e-23
26714.0 4.2829174e-23
27966.0 4.7004687e-23
29277.0 5.170998e-23
30649.0 5.699166e-23
32085.0 6.288949e-23
33589.0 6.943901e-23
35163.0 7.6676466e-23
36811.0 8.46245e-23
38536.0 9.3279583e-23
40342.0 1.0265017e-22
42233.0 1.1282511e-22
44213.0 1.236735e-22
46285.0 1.3559196e-22
48454.0 1.4817779e-22
50725.0 1.6186685e-22
53102.0 1.7623487e-22
55591.0 1.918713e-22
58196.0 2.0837946e-22
60923.0 2.2595013e-22
63779.0 2.4457515e-22
66768.0 2.642719e-22
69897.0 2.8488993e-22
73173.0 3.06101e-22
76602.0 3.274117e-22
80192.0 3.4838019e-22
83951.0 3.6881083e-22
87885.0 3.8871274e-22
92004.0 4.078882e-22
96316.0 4.2551495e-22
100830.0 4.4006867e-22
105560.0 4.499475e-22
110500.0 4.5426453e-22
115680.0 4.5375486e-22
121100.0 4.5077466e-22
126780.0 4.4760776e-22
132720.0 4.4783404e-22
138940.0 4.508782e-22
145450.0 4.571443e-22
152270.0 4.6630636e-22
159410.0 4.7584484e-22
166880.0 4.8487375e-22
174700.0 4.923677e-22
182880.0 4.981083e-22
191460.0 5.0275613e-22
200430.0 5.0730087e-22
209820.0 5.1280094e-22
219660.0 5.1746867e-22
229950.0 5.199798e-22
240730.0 5.1728197e-22
252010.0 5.0562667e-22
263820.0 4.8177823e-22
276180.0 4.450547e-22
289130.0 3.9889932e-22
302680.0 3.5001935e-22
316860.0 3.055418e-22
331710.0 2.6882469e-22
347260.0 2.4126863e-22
363530.0 2.2184677e-22
380570.0 2.0882389e-22
398410.0 2.0049152e-22
417080.0 1.9540742e-22
436630.0 1.9232838e-22
457090.0 1.9048246e-22
478510.0 1.8902624e-22
500940.0 1.8730052e-22
524420.0 1.847216e-22
548990.0 1.8095263e-22
574720.0 1.7585175e-22
601660.0 1.7003801e-22
629860.0 1.6420966e-22
659380.0 1.5930824e-22
690280.0 1.5586001e-22
722630.0 1.538558e-22
756500.0 1.5337194e-22
791950.0 1.5397015e-22
829070.0 1.5513745e-22
867920.0 1.5644833e-22
908600.0 1.5747965e-22
951180.0 1.5810142e-22
995760.0 1.5776564e-22
1042400.0 1.5655643e-22
1091300.0 1.545838e-22
1142400.0 1.5199052e-22
1196000.0 1.4891729e-22
1252000.0 1.4544359e-22
1310700.0 1.4158127e-22
1372100.0 1.3727131e-22
1436400.0 1.3242443e-22
1503800.0 1.2691399e-22
1574200.0 1.2064753e-22
1648000.0 1.1358653e-22
1725200.0 1.0582965e-22
1806100.0 9.761568e-23
1890700.0 8.928438e-23
1979400.0 8.121464e-23
2072100.0 7.3718124e-23
2169200.0 6.705145e-23
2270900.0 6.1126995e-23
2377300.0 5.5966034e-23
2488700.0 5.145038e-23
2605400.0 4.7440284e-23
2727500.0 4.3806544e-23
2855300.0 4.0466264e-23
2989100.0 3.7387627e-23
3129200.0 3.457682e-23
3275900.0 3.2057695e-23
3429400.0 2.984367e-23
3590100.0 2.793276e-23
3758400.0 2.6308465e-23
3934500.0 2.494706e-23
4118900.0 2.3822345e-23
4312000.0 2.290833e-23
4514100.0 2.2178971e-23
4725600.0 2.1610934e-23
4947100.0 2.1179913e-23
5179000.0 2.0864027e-23
5421700.0 2.0645435e-23
5675800.0 2.0511652e-23
5941800.0 2.0453172e-23
6220200.0 2.0462028e-23
6511800.0 2.0529012e-23
6817000.0 2.0641114e-23
7136400.0 2.0782285e-23
7470900.0 2.0934191e-23
7821000.0 2.1070631e-23
8187600.0 2.1177104e-23
8571300.0 2.1238064e-23
8973000.0 2.1236156e-23
9393500.0 2.1184785e-23
9833800.0 2.1015395e-23
10295000.0 2.0742839e-23
10777000.0 2.0360945e-23
11282000.0 1.9863892e-23
11811000.0 1.9250647e-23
12365000.0 1.8521487e-23
12944000.0 1.7689494e-23
13551000.0 1.6770777e-23
14186000.0 1.5787666e-23
14851000.0 1.4767672e-23
15547000.0 1.3740878e-23
16275000.0 1.2736374e-23
17038000.0 1.17790604e-23
17836000.0 1.0885419e-23
18672000.0 1.0068697e-23
19547000.0 9.3333975e-24
20464000.0 8.678515e-24
21423000.0 8.099627e-24
22427000.0 7.590377e-24
23478000.0 7.142777e-24
24578000.0 6.748222e-24
25730000.0 6.40217e-24
26936000.0 6.0984316e-24
28198000.0 5.831565e-24
29520000.0 5.596876e-24
30903000.0 5.389516e-24
32352000.0 5.2085326e-24
33868000.0 5.0523713e-24
35455000.0 4.9157075e-24
37117000.0 4.796405e-24
38856000.0 4.692544e-24
40677000.0 4.6024117e-24
42584000.0 4.5248304e-24
44579000.0 4.4586513e-24
46669000.0 4.402811e-24
48856000.0 4.3562134e-24
51146000.0 4.3181366e-24
53543000.0 4.287884e-24
56052000.0 4.264936e-24
58679000.0 4.248548e-24
61429000.0 4.2381225e-24
64308000.0 4.233132e-24
67322000.0 4.2329933e-24
70477000.0 4.2372015e-24
73780000.0 4.2918932e-24
77238000.0 4.30073e-24
80858000.0 4.3118277e-24
84647000.0 4.323686e-24
88614000.0 4.337106e-24
92767000.0 4.351908e-24
97115000.0 4.3671742e-24
101670000.0 4.3866464e-24
106430000.0 4.41325e-24
111420000.0 4.4405103e-24
116640000.0 4.4675587e-24
122110000.0 4.495292e-24
127830000.0 4.5232208e-24
133820000.0 4.5514557e-24
140090000.0 4.5797474e-24
146660000.0 4.608364e-24
153530000.0 4.637353e-24
160730000.0 4.666907e-24
168260000.0 4.6969816e-24
176150000.0 4.7277787e-24
184400000.0 4.759431e-24
193040000.0 4.792118e-24
202090000.0 4.825815e-24
211560000.0 4.860708e-24
221480000.0 4.8969262e-24
231860000.0 4.9345865e-24
242720000.0 4.973623e-24
254100000.0 5.0141924e-24
266010000.0 5.0563333e-24
278480000.0 5.1001277e-24
291530000.0 5.1455283e-24
305190000.0 5.1925917e-24
319490000.0 5.2453507e-24
334470000.0 5.314253e-24
350140000.0 5.3856796e-24
366550000.0 5.459681e-24
383730000.0 5.5362637e-24
401710000.0 5.6154464e-24
420540000.0 5.6971976e-24
440250000.0 5.781265e-24
460880000.0 5.8682227e-24
482480000.0 5.957244e-24
505100000.0 6.0491937e-24
528770000.0 6.1436424e-24
553550000.0 6.2405335e-24
579490000.0 6.3400688e-24
606650000.0 6.4420464e-24
635080000.0 6.546498e-24
664850000.0 6.6533854e-24
696010000.0 6.7627405e-24
728630000.0 6.8745e-24
762770000.0 6.9886955e-24
798520000.0 7.1052954e-24
835950000.0 7.22435e-24
875120000.0 7.345822e-24
916140000.0 7.469711e-24
959070000.0 7.5960616e-24
