    1     0.0001   0.0014  -0.15259E-04   0.62126E-06   0.68014E-01   0.86981E+01   0.12864E+03
    2     0.0088   0.1221  -0.18166E-02  -0.72306E-04   0.67941E-01   0.86483E+01   0.17898E+03
    3     0.0176   0.2423  -0.37986E-02  -0.18471E-03   0.67828E-01   0.85997E+01   0.18905E+03
    4     0.0264   0.3621  -0.58644E-02  -0.31079E-03   0.67702E-01   0.85516E+01   0.19587E+03
    5     0.0353   0.4814  -0.80203E-02  -0.45252E-03   0.67560E-01   0.85039E+01   0.20248E+03
    6     0.0443   0.6003  -0.10237E-01  -0.60190E-03   0.67411E-01   0.84567E+01   0.20810E+03
    7     0.0534   0.7188  -0.12512E-01  -0.75803E-03   0.67255E-01   0.84097E+01   0.21315E+03
    8     0.0626   0.8368  -0.14842E-01  -0.92096E-03   0.67092E-01   0.83631E+01   0.21795E+03
    9     0.0718   0.9543  -0.17226E-01  -0.10897E-02   0.66923E-01   0.83167E+01   0.22265E+03
   10     0.0811   1.0713  -0.19662E-01  -0.12645E-02   0.66748E-01   0.82705E+01   0.22712E+03
   11     0.0905   1.1879  -0.22148E-01  -0.14447E-02   0.66568E-01   0.82246E+01   0.23152E+03
   12     0.1000   1.3039  -0.24685E-01  -0.16300E-02   0.66383E-01   0.81790E+01   0.23576E+03
   13     0.1096   1.4195  -0.27271E-01  -0.18204E-02   0.66193E-01   0.81336E+01   0.23999E+03
   14     0.1192   1.5346  -0.29913E-01  -0.20180E-02   0.65995E-01   0.80885E+01   0.24424E+03
   15     0.1290   1.6491  -0.32595E-01  -0.22185E-02   0.65794E-01   0.80436E+01   0.24830E+03
   16     0.1388   1.7632  -0.35326E-01  -0.24245E-02   0.65588E-01   0.79989E+01   0.25242E+03
   17     0.1487   1.8767  -0.38106E-01  -0.26357E-02   0.65377E-01   0.79544E+01   0.25643E+03
   18     0.1587   1.9897  -0.40933E-01  -0.28518E-02   0.65161E-01   0.79102E+01   0.26049E+03
   19     0.1687   2.1021  -0.43810E-01  -0.30739E-02   0.64939E-01   0.78662E+01   0.26452E+03
   20     0.1789   2.2140  -0.46735E-01  -0.33014E-02   0.64712E-01   0.78225E+01   0.26846E+03
   21     0.1891   2.3254  -0.49709E-01  -0.35346E-02   0.64478E-01   0.77789E+01   0.27248E+03
   22     0.1995   2.4362  -0.52732E-01  -0.37735E-02   0.64239E-01   0.77356E+01   0.27643E+03
   23     0.2099   2.5465  -0.55803E-01  -0.40177E-02   0.63995E-01   0.76926E+01   0.28038E+03
   24     0.2204   2.6562  -0.58923E-01  -0.42681E-02   0.63745E-01   0.76497E+01   0.28433E+03
   25     0.2310   2.7653  -0.62093E-01  -0.45248E-02   0.63488E-01   0.76071E+01   0.28828E+03
   26     0.2417   2.8738  -0.65312E-01  -0.47879E-02   0.63225E-01   0.75647E+01   0.29225E+03
   27     0.2525   2.9818  -0.68581E-01  -0.50568E-02   0.62956E-01   0.75225E+01   0.29615E+03
   28     0.2634   3.0892  -0.71899E-01  -0.53322E-02   0.62681E-01   0.74806E+01   0.30009E+03
   29     0.2744   3.1959  -0.75268E-01  -0.56144E-02   0.62398E-01   0.74389E+01   0.30403E+03
   30     0.2855   3.3021  -0.78687E-01  -0.59036E-02   0.62109E-01   0.73975E+01   0.30796E+03
   31     0.2967   3.4077  -0.82157E-01  -0.61993E-02   0.61814E-01   0.73562E+01   0.31187E+03
   32     0.3079   3.5127  -0.85677E-01  -0.65022E-02   0.61511E-01   0.73152E+01   0.31579E+03
   33     0.3193   3.6170  -0.89230E-01  -0.68071E-02   0.61206E-01   0.72744E+01   0.31973E+03
   34     0.3308   3.7207  -0.92853E-01  -0.71246E-02   0.60888E-01   0.72338E+01   0.32364E+03
   35     0.3423   3.8238  -0.96527E-01  -0.74491E-02   0.60564E-01   0.71935E+01   0.32748E+03
   36     0.3540   3.9263  -0.10025E+00  -0.77813E-02   0.60232E-01   0.71535E+01   0.33140E+03
   37     0.3658   4.0281  -0.10403E+00  -0.81213E-02   0.59892E-01   0.71137E+01   0.33529E+03
   38     0.3777   4.1293  -0.10786E+00  -0.84693E-02   0.59544E-01   0.70741E+01   0.33916E+03
   39     0.3896   4.2299  -0.11175E+00  -0.88250E-02   0.59188E-01   0.70348E+01   0.34303E+03
   40     0.4017   4.3298  -0.11568E+00  -0.91889E-02   0.58824E-01   0.69957E+01   0.34690E+03
   41     0.4139   4.4291  -0.11967E+00  -0.95611E-02   0.58452E-01   0.69569E+01   0.35076E+03
   42     0.4262   4.5276  -0.12371E+00  -0.99421E-02   0.58071E-01   0.69183E+01   0.35463E+03
   43     0.4386   4.6256  -0.12781E+00  -0.10331E-01   0.57682E-01   0.68799E+01   0.35843E+03
   44     0.4511   4.7229  -0.13196E+00  -0.10729E-01   0.57284E-01   0.68418E+01   0.36223E+03
   45     0.4637   4.8195  -0.13617E+00  -0.11137E-01   0.56876E-01   0.68040E+01   0.36605E+03
   46     0.4764   4.9154  -0.14043E+00  -0.11553E-01   0.56460E-01   0.67664E+01   0.36984E+03
   47     0.4893   5.0106  -0.14475E+00  -0.11978E-01   0.56035E-01   0.67290E+01   0.37362E+03
   48     0.5022   5.1052  -0.14912E+00  -0.12413E-01   0.55600E-01   0.66919E+01   0.37736E+03
   49     0.5153   5.1991  -0.15355E+00  -0.12858E-01   0.55155E-01   0.66551E+01   0.38107E+03
   50     0.5285   5.2923  -0.15803E+00  -0.13312E-01   0.54701E-01   0.66185E+01   0.38481E+03
   51     0.5417   5.3849  -0.16257E+00  -0.13776E-01   0.54237E-01   0.65822E+01   0.38845E+03
   52     0.5552   5.4767  -0.16717E+00  -0.14250E-01   0.53763E-01   0.65461E+01   0.39211E+03
   53     0.5687   5.5679  -0.17182E+00  -0.14733E-01   0.53280E-01   0.65103E+01   0.39579E+03
   54     0.5823   5.6583  -0.17653E+00  -0.15227E-01   0.52786E-01   0.64748E+01   0.39936E+03
   55     0.5961   5.7481  -0.18130E+00  -0.15732E-01   0.52281E-01   0.64395E+01   0.40295E+03
   56     0.6099   5.8371  -0.18613E+00  -0.16246E-01   0.51767E-01   0.64045E+01   0.40653E+03
   57     0.6239   5.9255  -0.19101E+00  -0.16771E-01   0.51242E-01   0.63697E+01   0.41006E+03
   58     0.6381   6.0132  -0.19595E+00  -0.17307E-01   0.50706E-01   0.63352E+01   0.41357E+03
   59     0.6523   6.1001  -0.20095E+00  -0.17853E-01   0.50160E-01   0.63010E+01   0.41704E+03
   60     0.6667   6.1864  -0.20601E+00  -0.18409E-01   0.49604E-01   0.62670E+01   0.42047E+03
   61     0.6812   6.2719  -0.21112E+00  -0.18977E-01   0.49036E-01   0.62333E+01   0.42388E+03
   62     0.6958   6.3568  -0.21630E+00  -0.19555E-01   0.48458E-01   0.61999E+01   0.42722E+03
   63     0.7105   6.4409  -0.22153E+00  -0.20144E-01   0.47869E-01   0.61668E+01   0.43058E+03
   64     0.7254   6.5244  -0.22682E+00  -0.20745E-01   0.47268E-01   0.61339E+01   0.43384E+03
   65     0.7404   6.6071  -0.23217E+00  -0.21356E-01   0.46656E-01   0.61013E+01   0.43710E+03
   66     0.7555   6.6891  -0.23758E+00  -0.21979E-01   0.46034E-01   0.60689E+01   0.44030E+03
   67     0.7708   6.7704  -0.24304E+00  -0.22614E-01   0.45399E-01   0.60369E+01   0.44346E+03
   68     0.7862   6.8511  -0.24857E+00  -0.23259E-01   0.44754E-01   0.60051E+01   0.44660E+03
   69     0.8017   6.9310  -0.25416E+00  -0.23917E-01   0.44096E-01   0.59735E+01   0.44968E+03
   70     0.8174   7.0102  -0.25980E+00  -0.24586E-01   0.43427E-01   0.59423E+01   0.45273E+03
   71     0.8332   7.0886  -0.26551E+00  -0.25267E-01   0.42746E-01   0.59113E+01   0.45574E+03
   72     0.8491   7.1664  -0.27128E+00  -0.25961E-01   0.42052E-01   0.58806E+01   0.45866E+03
   73     0.8652   7.2435  -0.27711E+00  -0.26667E-01   0.41346E-01   0.58502E+01   0.46157E+03
   74     0.8814   7.3199  -0.28300E+00  -0.27385E-01   0.40627E-01   0.58200E+01   0.46441E+03
   75     0.8977   7.3956  -0.28896E+00  -0.28117E-01   0.39896E-01   0.57901E+01   0.46719E+03
   76     0.9142   7.4705  -0.29497E+00  -0.28860E-01   0.39153E-01   0.57605E+01   0.46994E+03
   77     0.9309   7.5448  -0.30105E+00  -0.29616E-01   0.38397E-01   0.57312E+01   0.47264E+03
   78     0.9477   7.6184  -0.30719E+00  -0.30385E-01   0.37627E-01   0.57022E+01   0.47527E+03
   79     0.9646   7.6913  -0.31339E+00  -0.31167E-01   0.36846E-01   0.56735E+01   0.47784E+03
   80     0.9817   7.7635  -0.31966E+00  -0.31963E-01   0.36050E-01   0.56450E+01   0.48035E+03
   81     0.9989   7.8350  -0.32599E+00  -0.32772E-01   0.35241E-01   0.56169E+01   0.48284E+03
   82     1.0163   7.9058  -0.33238E+00  -0.33593E-01   0.34420E-01   0.55890E+01   0.48524E+03
   83     1.0338   7.9759  -0.33883E+00  -0.34428E-01   0.33585E-01   0.55614E+01   0.48755E+03
   84     1.0515   8.0453  -0.34535E+00  -0.35275E-01   0.32738E-01   0.55341E+01   0.48980E+03
   85     1.0693   8.1141  -0.35192E+00  -0.36136E-01   0.31877E-01   0.55070E+01   0.49200E+03
   86     1.0873   8.1821  -0.35857E+00  -0.37011E-01   0.31002E-01   0.54803E+01   0.49410E+03
   87     1.1055   8.2495  -0.36527E+00  -0.37899E-01   0.30114E-01   0.54538E+01   0.49615E+03
   88     1.1238   8.3162  -0.37204E+00  -0.38802E-01   0.29211E-01   0.54277E+01   0.49811E+03
   89     1.1423   8.3823  -0.37888E+00  -0.39718E-01   0.28295E-01   0.54018E+01   0.49999E+03
   90     1.1609   8.4477  -0.38577E+00  -0.40647E-01   0.27366E-01   0.53762E+01   0.50183E+03
   91     1.1797   8.5124  -0.39273E+00  -0.41590E-01   0.26423E-01   0.53509E+01   0.50357E+03
   92     1.1986   8.5764  -0.39976E+00  -0.42549E-01   0.25464E-01   0.53258E+01   0.50524E+03
   93     1.2177   8.6398  -0.40685E+00  -0.43520E-01   0.24493E-01   0.53011E+01   0.50682E+03
   94     1.2370   8.7025  -0.41400E+00  -0.44505E-01   0.23508E-01   0.52767E+01   0.50837E+03
   95     1.2565   8.7646  -0.42122E+00  -0.45504E-01   0.22509E-01   0.52526E+01   0.50985E+03
   96     1.2761   8.8260  -0.42850E+00  -0.46517E-01   0.21496E-01   0.52287E+01   0.51119E+03
   97     1.2959   8.8868  -0.43584E+00  -0.47545E-01   0.20468E-01   0.52052E+01   0.51252E+03
   98     1.3158   8.9469  -0.44325E+00  -0.48587E-01   0.19426E-01   0.51819E+01   0.51376E+03
   99     1.3360   9.0065  -0.45072E+00  -0.49643E-01   0.18370E-01   0.51590E+01   0.51489E+03
  100     1.3563   9.0653  -0.45826E+00  -0.50715E-01   0.17298E-01   0.51363E+01   0.51592E+03
  101     1.3767   9.1236  -0.46586E+00  -0.51801E-01   0.16212E-01   0.51139E+01   0.51692E+03
  102     1.3974   9.1812  -0.47353E+00  -0.52902E-01   0.15111E-01   0.50918E+01   0.51783E+03
  103     1.4183   9.2382  -0.48126E+00  -0.54018E-01   0.13995E-01   0.50699E+01   0.51867E+03
  104     1.4393   9.2945  -0.48906E+00  -0.55149E-01   0.12863E-01   0.50484E+01   0.51943E+03
  105     1.4605   9.3503  -0.49693E+00  -0.56296E-01   0.11717E-01   0.50272E+01   0.52012E+03
  106     1.4819   9.4054  -0.50486E+00  -0.57459E-01   0.10554E-01   0.50063E+01   0.52072E+03
  107     1.5035   9.4600  -0.51287E+00  -0.58639E-01   0.93740E-02   0.49857E+01   0.52124E+03
  108     1.5252   9.5139  -0.52093E+00  -0.59831E-01   0.81817E-02   0.49653E+01   0.52168E+03
  109     1.5472   9.5673  -0.52906E+00  -0.61039E-01   0.69744E-02   0.49452E+01   0.52202E+03
  110     1.5693   9.6200  -0.53726E+00  -0.62264E-01   0.57494E-02   0.49255E+01   0.52228E+03
  111     1.5917   9.6722  -0.54552E+00  -0.63504E-01   0.45085E-02   0.49060E+01   0.52245E+03
  112     1.6142   9.7238  -0.55386E+00  -0.64761E-01   0.32516E-02   0.48868E+01   0.52252E+03
  113     1.6369   9.7748  -0.56226E+00  -0.66034E-01   0.19785E-02   0.48679E+01   0.52253E+03
  114     1.6598   9.8252  -0.57073E+00  -0.67324E-01   0.68914E-03   0.48493E+01   0.52239E+03
  115     1.6830   9.8751  -0.57927E+00  -0.68630E-01  -0.61658E-03   0.48310E+01   0.52219E+03
  116     1.7063   9.9244  -0.58787E+00  -0.69951E-01  -0.19383E-02   0.48130E+01   0.52195E+03
  117     1.7298   9.9731  -0.59654E+00  -0.71289E-01  -0.32760E-02   0.47953E+01   0.52158E+03
  118     1.7536  10.0213  -0.60528E+00  -0.72643E-01  -0.46300E-02   0.47778E+01   0.52109E+03
  119     1.7775  10.0689  -0.61408E+00  -0.74014E-01  -0.60007E-02   0.47607E+01   0.52053E+03
  120     1.8016  10.1160  -0.62295E+00  -0.75401E-01  -0.73879E-02   0.47438E+01   0.51985E+03
  121     1.8260  10.1626  -0.63189E+00  -0.76805E-01  -0.87918E-02   0.47272E+01   0.51910E+03
  122     1.8506  10.2086  -0.64090E+00  -0.78226E-01  -0.10213E-01   0.47109E+01   0.51825E+03
  123     1.8753  10.2541  -0.64998E+00  -0.79664E-01  -0.11651E-01   0.46948E+01   0.51735E+03
  124     1.9003  10.2990  -0.65912E+00  -0.81118E-01  -0.13105E-01   0.46791E+01   0.51632E+03
  125     1.9256  10.3434  -0.66833E+00  -0.82590E-01  -0.14577E-01   0.46636E+01   0.51525E+03
  126     1.9510  10.3873  -0.67760E+00  -0.84077E-01  -0.16064E-01   0.46483E+01   0.51408E+03
  127     1.9766  10.4307  -0.68695E+00  -0.85582E-01  -0.17569E-01   0.46334E+01   0.51288E+03
  128     2.0025  10.4736  -0.69636E+00  -0.87104E-01  -0.19091E-01   0.46187E+01   0.51159E+03
  129     2.0286  10.5160  -0.70584E+00  -0.88643E-01  -0.20630E-01   0.46043E+01   0.51020E+03
  130     2.0550  10.5579  -0.71538E+00  -0.90200E-01  -0.22187E-01   0.45902E+01   0.50878E+03
  131     2.0815  10.5993  -0.72500E+00  -0.91774E-01  -0.23761E-01   0.45763E+01   0.50726E+03
  132     2.1083  10.6402  -0.73469E+00  -0.93367E-01  -0.25354E-01   0.45627E+01   0.50568E+03
  133     2.1353  10.6806  -0.74445E+00  -0.94979E-01  -0.26966E-01   0.45493E+01   0.50403E+03
  134     2.1626  10.7205  -0.75428E+00  -0.96610E-01  -0.28597E-01   0.45363E+01   0.50226E+03
  135     2.1901  10.7600  -0.76418E+00  -0.98260E-01  -0.30247E-01   0.45235E+01   0.50043E+03
  136     2.2178  10.7990  -0.77416E+00  -0.99930E-01  -0.31917E-01   0.45109E+01   0.49849E+03
  137     2.2458  10.8375  -0.78421E+00  -0.10162E+00  -0.33606E-01   0.44986E+01   0.49647E+03
  138     2.2740  10.8756  -0.79433E+00  -0.10333E+00  -0.35315E-01   0.44866E+01   0.49438E+03
  139     2.3025  10.9132  -0.80453E+00  -0.10505E+00  -0.37042E-01   0.44748E+01   0.49217E+03
  140     2.3312  10.9504  -0.81479E+00  -0.10680E+00  -0.38787E-01   0.44632E+01   0.48991E+03
  141     2.3602  10.9871  -0.82512E+00  -0.10856E+00  -0.40552E-01   0.44519E+01   0.48752E+03
  142     2.3894  11.0234  -0.83552E+00  -0.11035E+00  -0.42334E-01   0.44408E+01   0.48501E+03
  143     2.4188  11.0592  -0.84599E+00  -0.11215E+00  -0.44135E-01   0.44300E+01   0.48248E+03
  144     2.4486  11.0946  -0.85652E+00  -0.11397E+00  -0.45955E-01   0.44194E+01   0.47986E+03
  145     2.4785  11.1296  -0.86713E+00  -0.11581E+00  -0.47794E-01   0.44090E+01   0.47719E+03
  146     2.5088  11.1641  -0.87781E+00  -0.11766E+00  -0.49652E-01   0.43988E+01   0.47448E+03
  147     2.5393  11.1982  -0.88856E+00  -0.11954E+00  -0.51530E-01   0.43889E+01   0.47169E+03
  148     2.5701  11.2320  -0.89937E+00  -0.12143E+00  -0.53421E-01   0.43794E+01   0.46886E+03
  149     2.6011  11.2653  -0.91025E+00  -0.12335E+00  -0.55334E-01   0.43699E+01   0.46597E+03
  150     2.6324  11.2982  -0.92122E+00  -0.12529E+00  -0.57276E-01   0.43605E+01   0.46302E+03
  151     2.6640  11.3306  -0.93226E+00  -0.12725E+00  -0.59235E-01   0.43513E+01   0.46000E+03
  152     2.6958  11.3627  -0.94337E+00  -0.12923E+00  -0.61214E-01   0.43425E+01   0.45693E+03
  153     2.7280  11.3944  -0.95455E+00  -0.13123E+00  -0.63214E-01   0.43338E+01   0.45379E+03
  154     2.7604  11.4258  -0.96581E+00  -0.13325E+00  -0.65235E-01   0.43254E+01   0.45065E+03
  155     2.7931  11.4567  -0.97714E+00  -0.13529E+00  -0.67276E-01   0.43172E+01   0.44738E+03
  156     2.8260  11.4872  -0.98855E+00  -0.13735E+00  -0.69338E-01   0.43091E+01   0.44406E+03
  157     2.8593  11.5174  -0.10000E+01  -0.13943E+00  -0.71422E-01   0.43013E+01   0.44068E+03
  158     2.8929  11.5472  -0.10116E+01  -0.14154E+00  -0.73526E-01   0.42936E+01   0.43722E+03
  159     2.9267  11.5766  -0.10232E+01  -0.14366E+00  -0.75652E-01   0.42861E+01   0.43375E+03
  160     2.9608  11.6057  -0.10349E+01  -0.14581E+00  -0.77798E-01   0.42788E+01   0.43020E+03
  161     2.9953  11.6344  -0.10467E+01  -0.14798E+00  -0.79965E-01   0.42717E+01   0.42663E+03
  162     3.0300  11.6628  -0.10585E+01  -0.15017E+00  -0.82155E-01   0.42647E+01   0.42302E+03
  163     3.0651  11.6908  -0.10704E+01  -0.15238E+00  -0.84365E-01   0.42579E+01   0.41935E+03
  164     3.1004  11.7184  -0.10824E+01  -0.15461E+00  -0.86597E-01   0.42513E+01   0.41564E+03
  165     3.1360  11.7458  -0.10945E+01  -0.15687E+00  -0.88852E-01   0.42449E+01   0.41190E+03
  166     3.1720  11.7727  -0.11066E+01  -0.15914E+00  -0.91130E-01   0.42386E+01   0.40813E+03
  167     3.2083  11.7994  -0.11188E+01  -0.16144E+00  -0.93431E-01   0.42325E+01   0.40426E+03
  168     3.2449  11.8257  -0.11311E+01  -0.16377E+00  -0.95754E-01   0.42265E+01   0.40040E+03
  169     3.2818  11.8517  -0.11435E+01  -0.16611E+00  -0.98101E-01   0.42207E+01   0.39648E+03
  170     3.3190  11.8773  -0.11560E+01  -0.16848E+00  -0.10047E+00   0.42150E+01   0.39251E+03
  171     3.3565  11.9026  -0.11685E+01  -0.17087E+00  -0.10286E+00   0.42095E+01   0.38853E+03
  172     3.3944  11.9277  -0.11811E+01  -0.17329E+00  -0.10527E+00   0.42041E+01   0.38451E+03
  173     3.4326  11.9524  -0.11938E+01  -0.17572E+00  -0.10771E+00   0.41989E+01   0.38044E+03
  174     3.4712  11.9768  -0.12065E+01  -0.17818E+00  -0.11017E+00   0.41938E+01   0.37637E+03
  175     3.5100  12.0009  -0.12193E+01  -0.18066E+00  -0.11265E+00   0.41888E+01   0.37226E+03
  176     3.5492  12.0246  -0.12322E+01  -0.18317E+00  -0.11515E+00   0.41840E+01   0.36816E+03
  177     3.5888  12.0481  -0.12452E+01  -0.18570E+00  -0.11768E+00   0.41792E+01   0.36403E+03
  178     3.6287  12.0713  -0.12583E+01  -0.18825E+00  -0.12024E+00   0.41746E+01   0.35989E+03
  179     3.6689  12.0942  -0.12714E+01  -0.19083E+00  -0.12281E+00   0.41702E+01   0.35573E+03
  180     3.7095  12.1169  -0.12846E+01  -0.19343E+00  -0.12541E+00   0.41658E+01   0.35155E+03
  181     3.7505  12.1392  -0.12979E+01  -0.19605E+00  -0.12804E+00   0.41616E+01   0.34732E+03
  182     3.7918  12.1612  -0.13113E+01  -0.19870E+00  -0.13069E+00   0.41575E+01   0.34310E+03
  183     3.8334  12.1830  -0.13247E+01  -0.20138E+00  -0.13336E+00   0.41534E+01   0.33885E+03
  184     3.8754  12.2045  -0.13383E+01  -0.20408E+00  -0.13606E+00   0.41495E+01   0.33460E+03
  185     3.9178  12.2257  -0.13519E+01  -0.20680E+00  -0.13879E+00   0.41457E+01   0.33032E+03
  186     3.9606  12.2467  -0.13656E+01  -0.20955E+00  -0.14153E+00   0.41420E+01   0.32602E+03
  187     4.0037  12.2674  -0.13793E+01  -0.21232E+00  -0.14430E+00   0.41384E+01   0.32173E+03
  188     4.0472  12.2878  -0.13932E+01  -0.21511E+00  -0.14710E+00   0.41349E+01   0.31744E+03
  189     4.0911  12.3080  -0.14071E+01  -0.21793E+00  -0.14992E+00   0.41315E+01   0.31312E+03
  190     4.1353  12.3279  -0.14211E+01  -0.22078E+00  -0.15277E+00   0.41282E+01   0.30886E+03
  191     4.1800  12.3476  -0.14352E+01  -0.22365E+00  -0.15564E+00   0.41249E+01   0.30456E+03
  192     4.2250  12.3670  -0.14493E+01  -0.22655E+00  -0.15853E+00   0.41218E+01   0.30027E+03
  193     4.2705  12.3862  -0.14636E+01  -0.22947E+00  -0.16145E+00   0.41187E+01   0.29601E+03
  194     4.3163  12.4051  -0.14779E+01  -0.23241E+00  -0.16440E+00   0.41157E+01   0.29174E+03
  195     4.3625  12.4238  -0.14923E+01  -0.23539E+00  -0.16738E+00   0.41128E+01   0.28750E+03
  196     4.4091  12.4423  -0.15068E+01  -0.23839E+00  -0.17038E+00   0.41100E+01   0.28324E+03
  197     4.4561  12.4605  -0.15214E+01  -0.24141E+00  -0.17340E+00   0.41072E+01   0.27900E+03
  198     4.5036  12.4785  -0.15360E+01  -0.24447E+00  -0.17645E+00   0.41046E+01   0.27474E+03
  199     4.5514  12.4962  -0.15508E+01  -0.24755E+00  -0.17953E+00   0.41020E+01   0.27049E+03
  200     4.5997  12.5138  -0.15656E+01  -0.25065E+00  -0.18264E+00   0.40994E+01   0.26623E+03
  201     4.6484  12.5311  -0.15805E+01  -0.25379E+00  -0.18577E+00   0.40970E+01   0.26200E+03
  202     4.6975  12.5482  -0.15955E+01  -0.25695E+00  -0.18893E+00   0.40946E+01   0.25776E+03
  203     4.7470  12.5650  -0.16106E+01  -0.26013E+00  -0.19212E+00   0.40923E+01   0.25360E+03
  204     4.7970  12.5817  -0.16257E+01  -0.26334E+00  -0.19532E+00   0.40900E+01   0.24941E+03
  205     4.8474  12.5981  -0.16409E+01  -0.26657E+00  -0.19856E+00   0.40878E+01   0.24527E+03
  206     4.8982  12.6144  -0.16562E+01  -0.26983E+00  -0.20182E+00   0.40856E+01   0.24114E+03
  207     4.9495  12.6304  -0.16716E+01  -0.27312E+00  -0.20511E+00   0.40835E+01   0.23705E+03
  208     5.0012  12.6462  -0.16871E+01  -0.27644E+00  -0.20843E+00   0.40815E+01   0.23297E+03
  209     5.0534  12.6619  -0.17027E+01  -0.27979E+00  -0.21178E+00   0.40795E+01   0.22894E+03
  210     5.1060  12.6773  -0.17184E+01  -0.28317E+00  -0.21515E+00   0.40776E+01   0.22495E+03
  211     5.1591  12.6925  -0.17341E+01  -0.28657E+00  -0.21855E+00   0.40757E+01   0.22093E+03
  212     5.2126  12.7076  -0.17499E+01  -0.29000E+00  -0.22198E+00   0.40739E+01   0.21693E+03
  213     5.2667  12.7224  -0.17659E+01  -0.29346E+00  -0.22544E+00   0.40721E+01   0.21296E+03
  214     5.3211  12.7371  -0.17819E+01  -0.29694E+00  -0.22893E+00   0.40704E+01   0.20904E+03
  215     5.3761  12.7515  -0.17980E+01  -0.30046E+00  -0.23244E+00   0.40687E+01   0.20513E+03
  216     5.4315  12.7658  -0.18141E+01  -0.30400E+00  -0.23599E+00   0.40671E+01   0.20127E+03
  217     5.4874  12.7799  -0.18304E+01  -0.30756E+00  -0.23955E+00   0.40655E+01   0.19744E+03
  218     5.5438  12.7938  -0.18467E+01  -0.31116E+00  -0.24315E+00   0.40639E+01   0.19364E+03
  219     5.6007  12.8076  -0.18632E+01  -0.31479E+00  -0.24677E+00   0.40624E+01   0.18986E+03
  220     5.6581  12.8211  -0.18797E+01  -0.31844E+00  -0.25043E+00   0.40609E+01   0.18613E+03
  221     5.7160  12.8345  -0.18963E+01  -0.32212E+00  -0.25411E+00   0.40595E+01   0.18246E+03
  222     5.7744  12.8477  -0.19130E+01  -0.32584E+00  -0.25782E+00   0.40581E+01   0.17880E+03
  223     5.8333  12.8608  -0.19298E+01  -0.32958E+00  -0.26157E+00   0.40567E+01   0.17516E+03
  224     5.8927  12.8737  -0.19467E+01  -0.33335E+00  -0.26534E+00   0.40554E+01   0.17156E+03
  225     5.9526  12.8864  -0.19637E+01  -0.33715E+00  -0.26914E+00   0.40541E+01   0.16802E+03
  226     6.0131  12.8990  -0.19807E+01  -0.34098E+00  -0.27297E+00   0.40529E+01   0.16451E+03
  227     6.0740  12.9114  -0.19979E+01  -0.34484E+00  -0.27683E+00   0.40516E+01   0.16104E+03
  228     6.1355  12.9236  -0.20151E+01  -0.34873E+00  -0.28071E+00   0.40505E+01   0.15761E+03
  229     6.1976  12.9357  -0.20324E+01  -0.35265E+00  -0.28463E+00   0.40493E+01   0.15421E+03
  230     6.2602  12.9476  -0.20499E+01  -0.35659E+00  -0.28858E+00   0.40482E+01   0.15086E+03
  231     6.3233  12.9594  -0.20674E+01  -0.36057E+00  -0.29256E+00   0.40471E+01   0.14756E+03
  232     6.3869  12.9710  -0.20850E+01  -0.36459E+00  -0.29657E+00   0.40460E+01   0.14430E+03
  233     6.4512  12.9825  -0.21027E+01  -0.36862E+00  -0.30061E+00   0.40450E+01   0.14105E+03
  234     6.5159  12.9938  -0.21205E+01  -0.37269E+00  -0.30468E+00   0.40439E+01   0.13787E+03
  235     6.5813  13.0050  -0.21384E+01  -0.37680E+00  -0.30878E+00   0.40430E+01   0.13472E+03
  236     6.6472  13.0160  -0.21564E+01  -0.38092E+00  -0.31291E+00   0.40420E+01   0.13161E+03
  237     6.7137  13.0269  -0.21744E+01  -0.38509E+00  -0.31707E+00   0.40410E+01   0.12857E+03
  238     6.7807  13.0377  -0.21926E+01  -0.38928E+00  -0.32127E+00   0.40401E+01   0.12556E+03
  239     6.8484  13.0483  -0.22109E+01  -0.39350E+00  -0.32549E+00   0.40392E+01   0.12262E+03
  240     6.9166  13.0588  -0.22292E+01  -0.39776E+00  -0.32975E+00   0.40384E+01   0.11932E+03
  241     6.9854  13.0691  -0.22477E+01  -0.40205E+00  -0.33403E+00   0.40375E+01   0.11680E+03
  242     7.0549  13.0794  -0.22662E+01  -0.40637E+00  -0.33835E+00   0.40367E+01   0.11393E+03
  243     7.1249  13.0894  -0.22849E+01  -0.41073E+00  -0.34271E+00   0.40359E+01   0.11111E+03
  244     7.1955  13.0994  -0.23033E+01  -0.41500E+00  -0.34699E+00   0.40351E+01   0.10843E+03
  245     7.2668  13.1092  -0.23225E+01  -0.41951E+00  -0.35149E+00   0.40343E+01   0.10563E+03
  246     7.3387  13.1189  -0.23414E+01  -0.42395E+00  -0.35594E+00   0.40336E+01   0.10293E+03
  247     7.4112  13.1285  -0.23604E+01  -0.42843E+00  -0.36041E+00   0.40329E+01   0.10066E+03
  248     7.4843  13.1380  -0.23795E+01  -0.43294E+00  -0.36492E+00   0.40322E+01   0.97761E+02
  249     7.5580  13.1473  -0.23988E+01  -0.43748E+00  -0.36946E+00   0.40315E+01   0.95243E+02
  250     7.6324  13.1565  -0.24181E+01  -0.44205E+00  -0.37404E+00   0.40308E+01   0.92773E+02
  251     7.7075  13.1656  -0.24375E+01  -0.44666E+00  -0.37864E+00   0.40301E+01   0.90332E+02
  252     7.7832  13.1746  -0.24570E+01  -0.45130E+00  -0.38328E+00   0.40295E+01   0.87936E+02
  253     7.8596  13.1834  -0.24767E+01  -0.45597E+00  -0.38796E+00   0.40289E+01   0.85581E+02
  254     7.9366  13.1922  -0.24964E+01  -0.46068E+00  -0.39267E+00   0.40283E+01   0.83263E+02
  255     8.0143  13.2008  -0.25162E+01  -0.46541E+00  -0.39740E+00   0.40277E+01   0.80996E+02
  256     8.0926  13.2093  -0.25361E+01  -0.47019E+00  -0.40218E+00   0.40271E+01   0.78771E+02
  257     8.1717  13.2178  -0.25562E+01  -0.47499E+00  -0.40698E+00   0.40265E+01   0.76569E+02
  258     8.2514  13.2261  -0.25763E+01  -0.47983E+00  -0.41182E+00   0.40260E+01   0.74431E+02
  259     8.3319  13.2343  -0.25965E+01  -0.48470E+00  -0.41669E+00   0.40254E+01   0.72345E+02
  260     8.4130  13.2424  -0.26168E+01  -0.48961E+00  -0.42160E+00   0.40249E+01   0.70292E+02
  261     8.4948  13.2503  -0.26373E+01  -0.49455E+00  -0.42654E+00   0.40244E+01   0.68278E+02
  262     8.5774  13.2582  -0.26578E+01  -0.49953E+00  -0.43151E+00   0.40239E+01   0.66309E+02
  263     8.6606  13.2660  -0.26785E+01  -0.50454E+00  -0.43652E+00   0.40234E+01   0.64373E+02
  264     8.7446  13.2737  -0.26992E+01  -0.50958E+00  -0.44157E+00   0.40229E+01   0.62482E+02
  265     8.8293  13.2813  -0.27201E+01  -0.51466E+00  -0.44665E+00   0.40224E+01   0.60631E+02
  266     8.9148  13.2888  -0.27410E+01  -0.51977E+00  -0.45176E+00   0.40220E+01   0.58824E+02
  267     9.0010  13.2962  -0.27621E+01  -0.52492E+00  -0.45691E+00   0.40215E+01   0.57058E+02
  268     9.0879  13.3035  -0.27832E+01  -0.53010E+00  -0.46209E+00   0.40211E+01   0.55332E+02
  269     9.1756  13.3107  -0.28045E+01  -0.53532E+00  -0.46731E+00   0.40207E+01   0.53639E+02
  270     9.2641  13.3178  -0.28259E+01  -0.54058E+00  -0.47257E+00   0.40203E+01   0.51986E+02
  271     9.3534  13.3248  -0.28474E+01  -0.54587E+00  -0.47786E+00   0.40199E+01   0.50376E+02
  272     9.4434  13.3317  -0.28690E+01  -0.55120E+00  -0.48318E+00   0.40195E+01   0.48797E+02
  273     9.5342  13.3386  -0.28907E+01  -0.55656E+00  -0.48854E+00   0.40191E+01   0.47265E+02
  274     9.6257  13.3453  -0.29125E+01  -0.56197E+00  -0.49395E+00   0.40187E+01   0.45754E+02
  275     9.7181  13.3520  -0.29344E+01  -0.56739E+00  -0.49938E+00   0.40183E+01   0.44294E+02
  276     9.8113  13.3586  -0.29565E+01  -0.57286E+00  -0.50485E+00   0.40180E+01   0.42866E+02
  277     9.9053  13.3651  -0.29786E+01  -0.57837E+00  -0.51036E+00   0.40176E+01   0.41472E+02
  278    10.0001  13.3715  -0.30009E+01  -0.58392E+00  -0.51590E+00   0.40173E+01   0.40112E+02
  279    10.0957  13.3778  -0.30232E+01  -0.58950E+00  -0.52148E+00   0.40170E+01   0.38780E+02
  280    10.1922  13.3841  -0.30457E+01  -0.59512E+00  -0.52710E+00   0.40166E+01   0.37500E+02
  281    10.2895  13.3902  -0.30683E+01  -0.60077E+00  -0.53276E+00   0.40163E+01   0.36236E+02
  282    10.3877  13.3963  -0.30910E+01  -0.60646E+00  -0.53845E+00   0.40160E+01   0.35024E+02
  283    10.4867  13.4023  -0.31138E+01  -0.61219E+00  -0.54418E+00   0.40157E+01   0.33826E+02
  284    10.5865  13.4083  -0.31367E+01  -0.61796E+00  -0.54994E+00   0.40154E+01   0.32667E+02
  285    10.6873  13.4141  -0.31598E+01  -0.62377E+00  -0.55575E+00   0.40151E+01   0.31542E+02
  286    10.7889  13.4199  -0.31829E+01  -0.62961E+00  -0.56159E+00   0.40148E+01   0.30447E+02
  287    10.8914  13.4256  -0.32062E+01  -0.63549E+00  -0.56748E+00   0.40145E+01   0.29376E+02
  288    10.9947  13.4312  -0.32296E+01  -0.64141E+00  -0.57340E+00   0.40143E+01   0.28336E+02
  289    11.0990  13.4368  -0.32531E+01  -0.64737E+00  -0.57936E+00   0.40140E+01   0.27331E+02
  290    11.2042  13.4423  -0.32767E+01  -0.65337E+00  -0.58536E+00   0.40137E+01   0.26349E+02
  291    11.3103  13.4477  -0.33004E+01  -0.65940E+00  -0.59139E+00   0.40135E+01   0.25400E+02
  292    11.4173  13.4530  -0.33243E+01  -0.66548E+00  -0.59747E+00   0.40132E+01   0.24480E+02
  293    11.5253  13.4583  -0.33483E+01  -0.67159E+00  -0.60358E+00   0.40130E+01   0.23583E+02
  294    11.6342  13.4635  -0.33724E+01  -0.67775E+00  -0.60974E+00   0.40128E+01   0.22715E+02
  295    11.7440  13.4687  -0.33966E+01  -0.68395E+00  -0.61593E+00   0.40125E+01   0.21872E+02
  296    11.8548  13.4738  -0.34209E+01  -0.69018E+00  -0.62217E+00   0.40123E+01   0.21056E+02
  297    11.9666  13.4788  -0.34454E+01  -0.69646E+00  -0.62844E+00   0.40121E+01   0.20256E+02
  298    12.0793  13.4837  -0.34699E+01  -0.70277E+00  -0.63476E+00   0.40118E+01   0.19490E+02
  299    12.1930  13.4886  -0.34946E+01  -0.70913E+00  -0.64112E+00   0.40116E+01   0.18749E+02
  300    12.3077  13.4934  -0.35194E+01  -0.71552E+00  -0.64751E+00   0.40114E+01   0.18021E+02
  301    12.4234  13.4982  -0.35444E+01  -0.72196E+00  -0.65395E+00   0.40112E+01   0.17327E+02
  302    12.5401  13.5029  -0.35694E+01  -0.72843E+00  -0.66042E+00   0.40110E+01   0.16648E+02
  303    12.6578  13.5075  -0.35946E+01  -0.73496E+00  -0.66694E+00   0.40108E+01   0.15995E+02
  304    12.7766  13.5121  -0.36200E+01  -0.74152E+00  -0.67351E+00   0.40106E+01   0.15360E+02
  305    12.8963  13.5166  -0.36454E+01  -0.74812E+00  -0.68010E+00   0.40104E+01   0.14748E+02
  306    13.0172  13.5211  -0.36709E+01  -0.75476E+00  -0.68675E+00   0.40103E+01   0.14158E+02
  307    13.1390  13.5255  -0.36966E+01  -0.76145E+00  -0.69343E+00   0.40101E+01   0.13587E+02
  308    13.2619  13.5298  -0.37224E+01  -0.76817E+00  -0.70016E+00   0.40099E+01   0.13033E+02
  309    13.3859  13.5341  -0.37484E+01  -0.77495E+00  -0.70693E+00   0.40097E+01   0.12499E+02
  310    13.5110  13.5383  -0.37745E+01  -0.78176E+00  -0.71375E+00   0.40096E+01   0.11984E+02
  311    13.6372  13.5425  -0.38007E+01  -0.78862E+00  -0.72060E+00   0.40094E+01   0.11485E+02
  312    13.7644  13.5466  -0.38270E+01  -0.79552E+00  -0.72750E+00   0.40092E+01   0.11004E+02
  313    13.8928  13.5507  -0.38534E+01  -0.80245E+00  -0.73444E+00   0.40091E+01   0.10542E+02
  314    14.0223  13.5547  -0.38800E+01  -0.80945E+00  -0.74143E+00   0.40089E+01   0.10094E+02
  315    14.1529  13.5587  -0.39067E+01  -0.81647E+00  -0.74846E+00   0.40088E+01   0.96631E+01
  316    14.2846  13.5626  -0.39336E+01  -0.82355E+00  -0.75554E+00   0.40086E+01   0.92485E+01
  317    14.4175  13.5665  -0.39606E+01  -0.83067E+00  -0.76265E+00   0.40085E+01   0.88488E+01
  318    14.5515  13.5703  -0.39877E+01  -0.83783E+00  -0.76981E+00   0.40083E+01   0.84602E+01
  319    14.6867  13.5741  -0.40150E+01  -0.84503E+00  -0.77702E+00   0.40082E+01   0.80933E+01
  320    14.8231  13.5778  -0.40423E+01  -0.85228E+00  -0.78427E+00   0.40081E+01   0.77351E+01
  321    14.9607  13.5815  -0.40699E+01  -0.85958E+00  -0.79156E+00   0.40079E+01   0.73906E+01
  322    15.0994  13.5851  -0.40975E+01  -0.86693E+00  -0.79891E+00   0.40078E+01   0.70589E+01
  323    15.2394  13.5887  -0.41253E+01  -0.87431E+00  -0.80630E+00   0.40077E+01   0.67416E+01
  324    15.3806  13.5922  -0.41533E+01  -0.88175E+00  -0.81373E+00   0.40075E+01   0.64348E+01
  325    15.5230  13.5957  -0.41813E+01  -0.88922E+00  -0.82121E+00   0.40074E+01   0.61399E+01
  326    15.6666  13.5991  -0.42095E+01  -0.89674E+00  -0.82873E+00   0.40073E+01   0.58580E+01
  327    15.8115  13.6025  -0.42378E+01  -0.90431E+00  -0.83630E+00   0.40072E+01   0.55888E+01
  328    15.9577  13.6059  -0.42664E+01  -0.91194E+00  -0.84393E+00   0.40071E+01   0.53287E+01
  329    16.1051  13.6092  -0.42950E+01  -0.91960E+00  -0.85159E+00   0.40069E+01   0.50796E+01
  330    16.2538  13.6124  -0.43238E+01  -0.92733E+00  -0.85931E+00   0.40068E+01   0.48372E+01
  331    16.4038  13.6157  -0.43527E+01  -0.93508E+00  -0.86707E+00   0.40067E+01   0.46090E+01
  332    16.5551  13.6188  -0.43817E+01  -0.94288E+00  -0.87487E+00   0.40066E+01   0.43877E+01
  333    16.7078  13.6220  -0.44109E+01  -0.95073E+00  -0.88272E+00   0.40065E+01   0.41761E+01
  334    16.8617  13.6251  -0.44403E+01  -0.95864E+00  -0.89062E+00   0.40064E+01   0.39740E+01
  335    17.0170  13.6281  -0.44698E+01  -0.96659E+00  -0.89858E+00   0.40063E+01   0.37813E+01
  336    17.1736  13.6312  -0.44994E+01  -0.97459E+00  -0.90658E+00   0.40062E+01   0.35943E+01
  337    17.3316  13.6342  -0.45292E+01  -0.98264E+00  -0.91463E+00   0.40061E+01   0.34173E+01
  338    17.4910  13.6371  -0.45590E+01  -0.99071E+00  -0.92269E+00   0.40060E+01   0.32483E+01
  339    17.6518  13.6400  -0.45892E+01  -0.99888E+00  -0.93087E+00   0.40059E+01   0.30848E+01
  340    17.8139  13.6429  -0.46194E+01  -0.10071E+01  -0.93906E+00   0.40058E+01   0.29316E+01
  341    17.9775  13.6457  -0.46498E+01  -0.10153E+01  -0.94732E+00   0.40057E+01   0.27815E+01
  342    18.1425  13.6485  -0.46803E+01  -0.10236E+01  -0.95560E+00   0.40056E+01   0.26401E+01
  343    18.3089  13.6513  -0.47109E+01  -0.10320E+01  -0.96395E+00   0.40056E+01   0.25030E+01
  344    18.4768  13.6540  -0.47418E+01  -0.10404E+01  -0.97235E+00   0.40055E+01   0.23753E+01
  345    18.6461  13.6567  -0.47728E+01  -0.10488E+01  -0.98080E+00   0.40054E+01   0.22508E+01
  346    18.8169  13.6593  -0.48039E+01  -0.10573E+01  -0.98929E+00   0.40053E+01   0.21339E+01
  347    18.9892  13.6619  -0.48351E+01  -0.10658E+01  -0.99783E+00   0.40052E+01   0.20209E+01
  348    19.1630  13.6645  -0.48667E+01  -0.10745E+01  -0.10065E+01   0.40052E+01   0.19138E+01
  349    19.3383  13.6671  -0.48982E+01  -0.10831E+01  -0.10151E+01   0.40051E+01   0.18120E+01
  350    19.5151  13.6696  -0.49300E+01  -0.10918E+01  -0.10238E+01   0.40050E+01   0.17139E+01
  351    19.6934  13.6721  -0.49619E+01  -0.11006E+01  -0.10326E+01   0.40049E+01   0.16222E+01
  352    19.8734  13.6745  -0.49940E+01  -0.11094E+01  -0.10414E+01   0.40049E+01   0.15335E+01
  353    20.0548  13.6770  -0.50262E+01  -0.11183E+01  -0.10502E+01   0.40048E+01   0.14499E+01
  354    20.2379  13.6794  -0.50586E+01  -0.11272E+01  -0.10592E+01   0.40047E+01   0.13698E+01
  355    20.4225  13.6817  -0.50912E+01  -0.11362E+01  -0.10681E+01   0.40046E+01   0.12936E+01
  356    20.6088  13.6840  -0.51238E+01  -0.11452E+01  -0.10772E+01   0.40046E+01   0.12227E+01
  357    20.7966  13.6863  -0.51567E+01  -0.11543E+01  -0.10862E+01   0.40045E+01   0.11537E+01
  358    20.9861  13.6886  -0.51898E+01  -0.11634E+01  -0.10954E+01   0.40044E+01   0.10880E+01
  359    21.1773  13.6909  -0.52231E+01  -0.11726E+01  -0.11046E+01   0.40044E+01   0.10257E+01
  360    21.3701  13.6931  -0.52563E+01  -0.11818E+01  -0.11138E+01   0.40043E+01   0.96662E+00
  361    21.5646  13.6953  -0.52898E+01  -0.11911E+01  -0.11231E+01   0.40043E+01   0.91236E+00
  362    21.7607  13.6974  -0.53236E+01  -0.12005E+01  -0.11325E+01   0.40042E+01   0.85888E+00
  363    21.9586  13.6995  -0.53576E+01  -0.12100E+01  -0.11420E+01   0.40000E+01   0.80930E+00
  364    22.1582  13.7016  -0.53915E+01  -0.12194E+01  -0.11514E+01   0.40000E+01   0.76153E+00
  365    22.3596  13.7037  -0.54257E+01  -0.12289E+01  -0.11609E+01   0.40000E+01   0.71586E+00
  366    22.5626  13.7058  -0.54600E+01  -0.12385E+01  -0.11705E+01   0.40000E+01   0.67404E+00
  367    22.7675  13.7078  -0.54946E+01  -0.12481E+01  -0.11801E+01   0.40000E+01   0.63339E+00
  368    22.9741  13.7098  -0.55293E+01  -0.12578E+01  -0.11898E+01   0.40000E+01   0.59613E+00
  369    23.1825  13.7117  -0.55642E+01  -0.12676E+01  -0.11996E+01   0.40000E+01   0.55971E+00
  370    23.3928  13.7137  -0.55993E+01  -0.12774E+01  -0.12094E+01   0.40000E+01   0.52546E+00
  371    23.6049  13.7156  -0.56345E+01  -0.12872E+01  -0.12192E+01   0.40000E+01   0.49350E+00
  372    23.8188  13.7175  -0.56699E+01  -0.12972E+01  -0.12292E+01   0.40000E+01   0.46315E+00
  373    24.0345  13.7194  -0.57055E+01  -0.13071E+01  -0.12391E+01   0.40000E+01   0.43420E+00
  374    24.2522  13.7212  -0.57412E+01  -0.13172E+01  -0.12492E+01   0.40000E+01   0.40723E+00
  375    24.4717  13.7230  -0.57771E+01  -0.13273E+01  -0.12593E+01   0.40000E+01   0.38148E+00
  376    24.6932  13.7248  -0.58132E+01  -0.13374E+01  -0.12694E+01   0.40000E+01   0.35743E+00
  377    24.9166  13.7266  -0.58495E+01  -0.13477E+01  -0.12796E+01   0.40000E+01   0.33482E+00
  378    25.1419  13.7284  -0.58860E+01  -0.13579E+01  -0.12899E+01   0.40000E+01   0.31346E+00
  379    25.3691  13.7301  -0.59227E+01  -0.13683E+01  -0.13003E+01   0.40000E+01   0.29345E+00
  380    25.5984  13.7318  -0.59595E+01  -0.13787E+01  -0.13107E+01   0.40000E+01   0.27419E+00
  381    25.8296  13.7335  -0.59966E+01  -0.13891E+01  -0.13211E+01   0.40000E+01   0.25625E+00
  382    26.0629  13.7351  -0.60337E+01  -0.13997E+01  -0.13316E+01   0.40000E+01   0.23963E+00
  383    26.2982  13.7368  -0.60711E+01  -0.14102E+01  -0.13422E+01   0.40000E+01   0.22383E+00
  384    26.5355  13.7384  -0.61087E+01  -0.14209E+01  -0.13529E+01   0.40000E+01   0.20895E+00
  385    26.7749  13.7400  -0.61465E+01  -0.14316E+01  -0.13636E+01   0.40000E+01   0.19493E+00
  386    27.0164  13.7416  -0.61844E+01  -0.14424E+01  -0.13743E+01   0.40000E+01   0.18193E+00
  387    27.2599  13.7431  -0.62226E+01  -0.14532E+01  -0.13852E+01   0.40000E+01   0.16969E+00
  388    27.5056  13.7447  -0.62609E+01  -0.14641E+01  -0.13961E+01   0.40000E+01   0.15795E+00
  389    27.7534  13.7462  -0.62994E+01  -0.14750E+01  -0.14070E+01   0.40000E+01   0.14724E+00
  390    28.0034  13.7477  -0.63381E+01  -0.14861E+01  -0.14180E+01   0.40000E+01   0.13709E+00
  391    28.2556  13.7492  -0.63769E+01  -0.14971E+01  -0.14291E+01   0.40000E+01   0.12769E+00
  392    28.5099  13.7506  -0.64160E+01  -0.15083E+01  -0.14403E+01   0.40000E+01   0.11879E+00
  393    28.7665  13.7521  -0.64553E+01  -0.15195E+01  -0.14515E+01   0.40000E+01   0.11046E+00
  394    29.0253  13.7535  -0.64947E+01  -0.15308E+01  -0.14627E+01   0.40000E+01   0.10272E+00
  395    29.2863  13.7549  -0.65344E+01  -0.15421E+01  -0.14741E+01   0.40000E+01   0.95377E-01
  396    29.5496  13.7563  -0.65742E+01  -0.15535E+01  -0.14855E+01   0.40000E+01   0.88647E-01
  397    29.8152  13.7577  -0.66142E+01  -0.15650E+01  -0.14969E+01   0.40000E+01   0.82274E-01
  398    30.0831  13.7590  -0.66545E+01  -0.15765E+01  -0.15085E+01   0.40000E+01   0.76336E-01
  399    30.3534  13.7604  -0.66949E+01  -0.15881E+01  -0.15201E+01   0.40000E+01   0.70792E-01
  400    30.6259  13.7617  -0.67355E+01  -0.15997E+01  -0.15317E+01   0.40000E+01   0.65672E-01
