    1     0.0001   0.0014  -0.15259E-04   0.15532E-05   0.47802E-01   0.68401E+01   0.12720E+04
    2     0.0088   0.1221  -0.25291E-02  -0.19875E-03   0.47601E-01   0.68044E+01   0.24821E+04
    3     0.0176   0.2423  -0.52886E-02  -0.45850E-03   0.47342E-01   0.67699E+01   0.26156E+04
    4     0.0264   0.3621  -0.81750E-02  -0.74452E-03   0.47056E-01   0.67360E+01   0.27081E+04
    5     0.0353   0.4814  -0.11156E-01  -0.10479E-02   0.46752E-01   0.67024E+01   0.27888E+04
    6     0.0443   0.6003  -0.14228E-01  -0.13674E-02   0.46433E-01   0.66692E+01   0.28590E+04
    7     0.0534   0.7188  -0.17379E-01  -0.17001E-02   0.46100E-01   0.66362E+01   0.29209E+04
    8     0.0626   0.8368  -0.20606E-01  -0.20456E-02   0.45755E-01   0.66036E+01   0.29790E+04
    9     0.0718   0.9543  -0.23908E-01  -0.24031E-02   0.45397E-01   0.65712E+01   0.30354E+04
   10     0.0811   1.0713  -0.27280E-01  -0.27718E-02   0.45028E-01   0.65391E+01   0.30883E+04
   11     0.0905   1.1879  -0.30720E-01  -0.31507E-02   0.44650E-01   0.65073E+01   0.31394E+04
   12     0.1000   1.3039  -0.34228E-01  -0.35400E-02   0.44260E-01   0.64756E+01   0.31873E+04
   13     0.1096   1.4195  -0.37810E-01  -0.39416E-02   0.43859E-01   0.64442E+01   0.32348E+04
   14     0.1192   1.5346  -0.41447E-01  -0.43507E-02   0.43450E-01   0.64130E+01   0.32808E+04
   15     0.1290   1.6491  -0.45150E-01  -0.47694E-02   0.43031E-01   0.63821E+01   0.33255E+04
   16     0.1388   1.7632  -0.48918E-01  -0.51983E-02   0.42602E-01   0.63513E+01   0.33715E+04
   17     0.1487   1.8767  -0.52751E-01  -0.56376E-02   0.42163E-01   0.63207E+01   0.34160E+04
   18     0.1587   1.9897  -0.56648E-01  -0.60866E-02   0.41714E-01   0.62904E+01   0.34605E+04
   19     0.1687   2.1021  -0.60609E-01  -0.65454E-02   0.41255E-01   0.62603E+01   0.35033E+04
   20     0.1789   2.2140  -0.64635E-01  -0.70145E-02   0.40786E-01   0.62303E+01   0.35442E+04
   21     0.1891   2.3254  -0.68725E-01  -0.74941E-02   0.40306E-01   0.62006E+01   0.35855E+04
   22     0.1995   2.4362  -0.72879E-01  -0.79836E-02   0.39817E-01   0.61711E+01   0.36257E+04
   23     0.2099   2.5465  -0.77097E-01  -0.84834E-02   0.39317E-01   0.61418E+01   0.36656E+04
   24     0.2204   2.6562  -0.81379E-01  -0.89938E-02   0.38806E-01   0.61127E+01   0.37049E+04
   25     0.2310   2.7653  -0.85727E-01  -0.95150E-02   0.38285E-01   0.60838E+01   0.37437E+04
   26     0.2417   2.8738  -0.90138E-01  -0.10047E-01   0.37754E-01   0.60551E+01   0.37822E+04
   27     0.2525   2.9818  -0.94615E-01  -0.10589E-01   0.37211E-01   0.60266E+01   0.38195E+04
   28     0.2634   3.0892  -0.99157E-01  -0.11143E-01   0.36657E-01   0.59983E+01   0.38568E+04
   29     0.2744   3.1959  -0.10376E+00  -0.11708E-01   0.36092E-01   0.59703E+01   0.38936E+04
   30     0.2855   3.3021  -0.10844E+00  -0.12284E-01   0.35516E-01   0.59424E+01   0.39298E+04
   31     0.2967   3.4077  -0.11318E+00  -0.12872E-01   0.34928E-01   0.59147E+01   0.39652E+04
   32     0.3079   3.5127  -0.11798E+00  -0.13471E-01   0.34329E-01   0.58872E+01   0.40003E+04
   33     0.3193   3.6170  -0.12283E+00  -0.14074E-01   0.33726E-01   0.58599E+01   0.40353E+04
   34     0.3308   3.7207  -0.12776E+00  -0.14697E-01   0.33103E-01   0.58329E+01   0.40693E+04
   35     0.3423   3.8238  -0.13277E+00  -0.15332E-01   0.32468E-01   0.58061E+01   0.41020E+04
   36     0.3540   3.9263  -0.13784E+00  -0.15979E-01   0.31822E-01   0.57794E+01   0.41352E+04
   37     0.3658   4.0281  -0.14298E+00  -0.16638E-01   0.31162E-01   0.57530E+01   0.41674E+04
   38     0.3777   4.1293  -0.14818E+00  -0.17310E-01   0.30490E-01   0.57268E+01   0.41990E+04
   39     0.3896   4.2299  -0.15346E+00  -0.17994E-01   0.29806E-01   0.57009E+01   0.42302E+04
   40     0.4017   4.3298  -0.15880E+00  -0.18692E-01   0.29108E-01   0.56751E+01   0.42608E+04
   41     0.4139   4.4291  -0.16421E+00  -0.19402E-01   0.28398E-01   0.56496E+01   0.42909E+04
   42     0.4262   4.5276  -0.16969E+00  -0.20125E-01   0.27675E-01   0.56242E+01   0.43206E+04
   43     0.4386   4.6256  -0.17524E+00  -0.20861E-01   0.26939E-01   0.55991E+01   0.43490E+04
   44     0.4511   4.7229  -0.18086E+00  -0.21611E-01   0.26189E-01   0.55742E+01   0.43769E+04
   45     0.4637   4.8195  -0.18654E+00  -0.22373E-01   0.25427E-01   0.55495E+01   0.44045E+04
   46     0.4764   4.9154  -0.19230E+00  -0.23150E-01   0.24650E-01   0.55251E+01   0.44312E+04
   47     0.4893   5.0106  -0.19812E+00  -0.23940E-01   0.23860E-01   0.55009E+01   0.44573E+04
   48     0.5022   5.1052  -0.20402E+00  -0.24744E-01   0.23056E-01   0.54768E+01   0.44824E+04
   49     0.5153   5.1991  -0.20998E+00  -0.25563E-01   0.22238E-01   0.54531E+01   0.45065E+04
   50     0.5285   5.2923  -0.21602E+00  -0.26395E-01   0.21405E-01   0.54295E+01   0.45306E+04
   51     0.5417   5.3849  -0.22213E+00  -0.27242E-01   0.20558E-01   0.54062E+01   0.45531E+04
   52     0.5552   5.4767  -0.22831E+00  -0.28103E-01   0.19697E-01   0.53831E+01   0.45752E+04
   53     0.5687   5.5679  -0.23456E+00  -0.28979E-01   0.18821E-01   0.53602E+01   0.45970E+04
   54     0.5823   5.6583  -0.24088E+00  -0.29869E-01   0.17931E-01   0.53376E+01   0.46172E+04
   55     0.5961   5.7481  -0.24727E+00  -0.30774E-01   0.17027E-01   0.53152E+01   0.46371E+04
   56     0.6099   5.8371  -0.25373E+00  -0.31693E-01   0.16107E-01   0.52929E+01   0.46565E+04
   57     0.6239   5.9255  -0.26026E+00  -0.32627E-01   0.15174E-01   0.52710E+01   0.46749E+04
   58     0.6381   6.0132  -0.26687E+00  -0.33575E-01   0.14225E-01   0.52493E+01   0.46927E+04
   59     0.6523   6.1001  -0.27354E+00  -0.34537E-01   0.13263E-01   0.52278E+01   0.47096E+04
   60     0.6667   6.1864  -0.28028E+00  -0.35515E-01   0.12286E-01   0.52065E+01   0.47255E+04
   61     0.6812   6.2719  -0.28709E+00  -0.36507E-01   0.11293E-01   0.51854E+01   0.47409E+04
   62     0.6958   6.3568  -0.29398E+00  -0.37514E-01   0.10286E-01   0.51646E+01   0.47552E+04
   63     0.7105   6.4409  -0.30093E+00  -0.38537E-01   0.92637E-02   0.51440E+01   0.47692E+04
   64     0.7254   6.5244  -0.30796E+00  -0.39574E-01   0.82261E-02   0.51237E+01   0.47817E+04
   65     0.7404   6.6071  -0.31506E+00  -0.40628E-01   0.71724E-02   0.51036E+01   0.47939E+04
   66     0.7555   6.6891  -0.32223E+00  -0.41697E-01   0.61034E-02   0.50837E+01   0.48052E+04
   67     0.7708   6.7704  -0.32948E+00  -0.42782E-01   0.50180E-02   0.50641E+01   0.48157E+04
   68     0.7862   6.8511  -0.33680E+00  -0.43884E-01   0.39164E-02   0.50447E+01   0.48254E+04
   69     0.8017   6.9310  -0.34420E+00  -0.45002E-01   0.27984E-02   0.50256E+01   0.48342E+04
   70     0.8174   7.0102  -0.35166E+00  -0.46137E-01   0.16637E-02   0.50066E+01   0.48422E+04
   71     0.8332   7.0886  -0.35921E+00  -0.47288E-01   0.51243E-03   0.49879E+01   0.48494E+04
   72     0.8491   7.1664  -0.36683E+00  -0.48456E-01  -0.65599E-03   0.49695E+01   0.48554E+04
   73     0.8652   7.2435  -0.37452E+00  -0.49641E-01  -0.18406E-02   0.49513E+01   0.48607E+04
   74     0.8814   7.3199  -0.38228E+00  -0.50842E-01  -0.30423E-02   0.49333E+01   0.48649E+04
   75     0.8977   7.3956  -0.39012E+00  -0.52060E-01  -0.42600E-02   0.49155E+01   0.48682E+04
   76     0.9142   7.4705  -0.39803E+00  -0.53295E-01  -0.54947E-02   0.48980E+01   0.48707E+04
   77     0.9309   7.5448  -0.40602E+00  -0.54546E-01  -0.67455E-02   0.48807E+01   0.48719E+04
   78     0.9477   7.6184  -0.41407E+00  -0.55813E-01  -0.80130E-02   0.48637E+01   0.48722E+04
   79     0.9646   7.6913  -0.42220E+00  -0.57097E-01  -0.92966E-02   0.48469E+01   0.48715E+04
   80     0.9817   7.7635  -0.43040E+00  -0.58397E-01  -0.10597E-01   0.48303E+01   0.48698E+04
   81     0.9989   7.8350  -0.43868E+00  -0.59714E-01  -0.11914E-01   0.48140E+01   0.48677E+04
   82     1.0163   7.9058  -0.44702E+00  -0.61047E-01  -0.13247E-01   0.47979E+01   0.48643E+04
   83     1.0338   7.9759  -0.45544E+00  -0.62397E-01  -0.14597E-01   0.47820E+01   0.48600E+04
   84     1.0515   8.0453  -0.46393E+00  -0.63765E-01  -0.15964E-01   0.47664E+01   0.48549E+04
   85     1.0693   8.1141  -0.47249E+00  -0.65148E-01  -0.17348E-01   0.47510E+01   0.48493E+04
   86     1.0873   8.1821  -0.48113E+00  -0.66549E-01  -0.18749E-01   0.47358E+01   0.48426E+04
   87     1.1055   8.2495  -0.48983E+00  -0.67966E-01  -0.20166E-01   0.47209E+01   0.48355E+04
   88     1.1238   8.3162  -0.49861E+00  -0.69401E-01  -0.21601E-01   0.47062E+01   0.48273E+04
   89     1.1423   8.3823  -0.50747E+00  -0.70853E-01  -0.23052E-01   0.46917E+01   0.48185E+04
   90     1.1609   8.4477  -0.51639E+00  -0.72323E-01  -0.24523E-01   0.46775E+01   0.48090E+04
   91     1.1797   8.5124  -0.52539E+00  -0.73811E-01  -0.26011E-01   0.46635E+01   0.47984E+04
   92     1.1986   8.5764  -0.53447E+00  -0.75318E-01  -0.27518E-01   0.46497E+01   0.47870E+04
   93     1.2177   8.6398  -0.54362E+00  -0.76843E-01  -0.29043E-01   0.46361E+01   0.47747E+04
   94     1.2370   8.7025  -0.55285E+00  -0.78386E-01  -0.30586E-01   0.46228E+01   0.47619E+04
   95     1.2565   8.7646  -0.56216E+00  -0.79948E-01  -0.32148E-01   0.46097E+01   0.47483E+04
   96     1.2761   8.8260  -0.57153E+00  -0.81529E-01  -0.33728E-01   0.45968E+01   0.47335E+04
   97     1.2959   8.8868  -0.58098E+00  -0.83127E-01  -0.35327E-01   0.45842E+01   0.47181E+04
   98     1.3158   8.9469  -0.59051E+00  -0.84744E-01  -0.36944E-01   0.45717E+01   0.47016E+04
   99     1.3360   9.0065  -0.60010E+00  -0.86379E-01  -0.38579E-01   0.45595E+01   0.46841E+04
  100     1.3563   9.0653  -0.60977E+00  -0.88032E-01  -0.40231E-01   0.45475E+01   0.46658E+04
  101     1.3767   9.1236  -0.61952E+00  -0.89703E-01  -0.41903E-01   0.45357E+01   0.46467E+04
  102     1.3974   9.1812  -0.62933E+00  -0.91392E-01  -0.43592E-01   0.45241E+01   0.46266E+04
  103     1.4183   9.2382  -0.63922E+00  -0.93101E-01  -0.45300E-01   0.45128E+01   0.46058E+04
  104     1.4393   9.2945  -0.64919E+00  -0.94827E-01  -0.47027E-01   0.45016E+01   0.45843E+04
  105     1.4605   9.3503  -0.65922E+00  -0.96572E-01  -0.48772E-01   0.44906E+01   0.45622E+04
  106     1.4819   9.4054  -0.66932E+00  -0.98335E-01  -0.50535E-01   0.44799E+01   0.45396E+04
  107     1.5035   9.4600  -0.67950E+00  -0.10012E+00  -0.52316E-01   0.44693E+01   0.45161E+04
  108     1.5252   9.5139  -0.68975E+00  -0.10192E+00  -0.54116E-01   0.44590E+01   0.44921E+04
  109     1.5472   9.5673  -0.70007E+00  -0.10373E+00  -0.55934E-01   0.44488E+01   0.44666E+04
  110     1.5693   9.6200  -0.71046E+00  -0.10557E+00  -0.57771E-01   0.44389E+01   0.44402E+04
  111     1.5917   9.6722  -0.72093E+00  -0.10743E+00  -0.59627E-01   0.44291E+01   0.44143E+04
  112     1.6142   9.7238  -0.73147E+00  -0.10930E+00  -0.61505E-01   0.44195E+01   0.43878E+04
  113     1.6369   9.7748  -0.74209E+00  -0.11120E+00  -0.63401E-01   0.44101E+01   0.43610E+04
  114     1.6598   9.8252  -0.75278E+00  -0.11312E+00  -0.65316E-01   0.44009E+01   0.43337E+04
  115     1.6830   9.8751  -0.76354E+00  -0.11505E+00  -0.67251E-01   0.43919E+01   0.43056E+04
  116     1.7063   9.9244  -0.77435E+00  -0.11700E+00  -0.69195E-01   0.43831E+01   0.42772E+04
  117     1.7298   9.9731  -0.78524E+00  -0.11896E+00  -0.71164E-01   0.43744E+01   0.42479E+04
  118     1.7536  10.0213  -0.79623E+00  -0.12096E+00  -0.73160E-01   0.43660E+01   0.42175E+04
  119     1.7775  10.0689  -0.80729E+00  -0.12298E+00  -0.75175E-01   0.43577E+01   0.41869E+04
  120     1.8016  10.1160  -0.81843E+00  -0.12501E+00  -0.77212E-01   0.43496E+01   0.41554E+04
  121     1.8260  10.1626  -0.82964E+00  -0.12707E+00  -0.79268E-01   0.43417E+01   0.41239E+04
  122     1.8506  10.2086  -0.84092E+00  -0.12914E+00  -0.81343E-01   0.43339E+01   0.40927E+04
  123     1.8753  10.2541  -0.85227E+00  -0.13124E+00  -0.83437E-01   0.43263E+01   0.40599E+04
  124     1.9003  10.2990  -0.86369E+00  -0.13335E+00  -0.85551E-01   0.43188E+01   0.40265E+04
  125     1.9256  10.3434  -0.87518E+00  -0.13548E+00  -0.87684E-01   0.43116E+01   0.39925E+04
  126     1.9510  10.3873  -0.88675E+00  -0.13764E+00  -0.89837E-01   0.43044E+01   0.39578E+04
  127     1.9766  10.4307  -0.89839E+00  -0.13981E+00  -0.92010E-01   0.42974E+01   0.39234E+04
  128     2.0025  10.4736  -0.91009E+00  -0.14200E+00  -0.94204E-01   0.42906E+01   0.38885E+04
  129     2.0286  10.5160  -0.92187E+00  -0.14422E+00  -0.96417E-01   0.42839E+01   0.38531E+04
  130     2.0550  10.5579  -0.93373E+00  -0.14645E+00  -0.98652E-01   0.42774E+01   0.38176E+04
  131     2.0815  10.5993  -0.94566E+00  -0.14871E+00  -0.10091E+00   0.42710E+01   0.37816E+04
  132     2.1083  10.6402  -0.95766E+00  -0.15098E+00  -0.10318E+00   0.42648E+01   0.37455E+04
  133     2.1353  10.6806  -0.96974E+00  -0.15328E+00  -0.10548E+00   0.42587E+01   0.37091E+04
  134     2.1626  10.7205  -0.98189E+00  -0.15560E+00  -0.10780E+00   0.42527E+01   0.36722E+04
  135     2.1901  10.7600  -0.99411E+00  -0.15794E+00  -0.11014E+00   0.42469E+01   0.36350E+04
  136     2.2178  10.7990  -0.10064E+01  -0.16030E+00  -0.11250E+00   0.42412E+01   0.35975E+04
  137     2.2458  10.8375  -0.10188E+01  -0.16268E+00  -0.11488E+00   0.42357E+01   0.35598E+04
  138     2.2740  10.8756  -0.10312E+01  -0.16508E+00  -0.11728E+00   0.42302E+01   0.35218E+04
  139     2.3025  10.9132  -0.10437E+01  -0.16750E+00  -0.11970E+00   0.42249E+01   0.34835E+04
  140     2.3312  10.9504  -0.10563E+01  -0.16995E+00  -0.12215E+00   0.42197E+01   0.34452E+04
  141     2.3602  10.9871  -0.10690E+01  -0.17241E+00  -0.12461E+00   0.42147E+01   0.34065E+04
  142     2.3894  11.0234  -0.10817E+01  -0.17490E+00  -0.12710E+00   0.42097E+01   0.33677E+04
  143     2.4188  11.0592  -0.10945E+01  -0.17741E+00  -0.12961E+00   0.42049E+01   0.33289E+04
  144     2.4486  11.0946  -0.11074E+01  -0.17994E+00  -0.13214E+00   0.42002E+01   0.32899E+04
  145     2.4785  11.1296  -0.11203E+01  -0.18249E+00  -0.13469E+00   0.41955E+01   0.32511E+04
  146     2.5088  11.1641  -0.11334E+01  -0.18506E+00  -0.13726E+00   0.41910E+01   0.32121E+04
  147     2.5393  11.1982  -0.11465E+01  -0.18766E+00  -0.13986E+00   0.41866E+01   0.31729E+04
  148     2.5701  11.2320  -0.11596E+01  -0.19027E+00  -0.14247E+00   0.41823E+01   0.31335E+04
  149     2.6011  11.2653  -0.11729E+01  -0.19292E+00  -0.14512E+00   0.41781E+01   0.30940E+04
  150     2.6324  11.2982  -0.11862E+01  -0.19558E+00  -0.14778E+00   0.41740E+01   0.30544E+04
  151     2.6640  11.3306  -0.11996E+01  -0.19827E+00  -0.15046E+00   0.41700E+01   0.30147E+04
  152     2.6958  11.3627  -0.12131E+01  -0.20097E+00  -0.15317E+00   0.41662E+01   0.29750E+04
  153     2.7280  11.3944  -0.12266E+01  -0.20370E+00  -0.15590E+00   0.41623E+01   0.29353E+04
  154     2.7604  11.4258  -0.12402E+01  -0.20645E+00  -0.15865E+00   0.41586E+01   0.28956E+04
  155     2.7931  11.4567  -0.12539E+01  -0.20922E+00  -0.16142E+00   0.41550E+01   0.28560E+04
  156     2.8260  11.4872  -0.12677E+01  -0.21201E+00  -0.16421E+00   0.41515E+01   0.28166E+04
  157     2.8593  11.5174  -0.12815E+01  -0.21483E+00  -0.16703E+00   0.41480E+01   0.27772E+04
  158     2.8929  11.5472  -0.12954E+01  -0.21767E+00  -0.16987E+00   0.41446E+01   0.27379E+04
  159     2.9267  11.5766  -0.13094E+01  -0.22053E+00  -0.17273E+00   0.41413E+01   0.26990E+04
  160     2.9608  11.6057  -0.13235E+01  -0.22342E+00  -0.17562E+00   0.41381E+01   0.26598E+04
  161     2.9953  11.6344  -0.13376E+01  -0.22633E+00  -0.17853E+00   0.41350E+01   0.26208E+04
  162     3.0300  11.6628  -0.13518E+01  -0.22926E+00  -0.18146E+00   0.41319E+01   0.25819E+04
  163     3.0651  11.6908  -0.13661E+01  -0.23222E+00  -0.18442E+00   0.41289E+01   0.25429E+04
  164     3.1004  11.7184  -0.13805E+01  -0.23520E+00  -0.18740E+00   0.41260E+01   0.25040E+04
  165     3.1360  11.7458  -0.13949E+01  -0.23820E+00  -0.19040E+00   0.41232E+01   0.24651E+04
  166     3.1720  11.7727  -0.14094E+01  -0.24122E+00  -0.19342E+00   0.41204E+01   0.24266E+04
  167     3.2083  11.7994  -0.14240E+01  -0.24427E+00  -0.19647E+00   0.41177E+01   0.23881E+04
  168     3.2449  11.8257  -0.14386E+01  -0.24734E+00  -0.19954E+00   0.41150E+01   0.23500E+04
  169     3.2818  11.8517  -0.14534E+01  -0.25043E+00  -0.20263E+00   0.41125E+01   0.23120E+04
  170     3.3190  11.8773  -0.14682E+01  -0.25355E+00  -0.20575E+00   0.41099E+01   0.22741E+04
  171     3.3565  11.9026  -0.14830E+01  -0.25669E+00  -0.20889E+00   0.41075E+01   0.22367E+04
  172     3.3944  11.9277  -0.14980E+01  -0.25985E+00  -0.21205E+00   0.41051E+01   0.21997E+04
  173     3.4326  11.9524  -0.15130E+01  -0.26304E+00  -0.21524E+00   0.41027E+01   0.21628E+04
  174     3.4712  11.9768  -0.15281E+01  -0.26625E+00  -0.21845E+00   0.41004E+01   0.21261E+04
  175     3.5100  12.0009  -0.15433E+01  -0.26949E+00  -0.22169E+00   0.40982E+01   0.20897E+04
  176     3.5492  12.0246  -0.15586E+01  -0.27275E+00  -0.22495E+00   0.40960E+01   0.20535E+04
  177     3.5888  12.0481  -0.15739E+01  -0.27604E+00  -0.22824E+00   0.40939E+01   0.20173E+04
  178     3.6287  12.0713  -0.15894E+01  -0.27935E+00  -0.23155E+00   0.40918E+01   0.19817E+04
  179     3.6689  12.0942  -0.16048E+01  -0.28269E+00  -0.23489E+00   0.40898E+01   0.19461E+04
  180     3.7095  12.1169  -0.16204E+01  -0.28604E+00  -0.23824E+00   0.40879E+01   0.19106E+04
  181     3.7505  12.1392  -0.16361E+01  -0.28943E+00  -0.24163E+00   0.40859E+01   0.18754E+04
  182     3.7918  12.1612  -0.16518E+01  -0.29284E+00  -0.24504E+00   0.40840E+01   0.18405E+04
  183     3.8334  12.1830  -0.16676E+01  -0.29627E+00  -0.24847E+00   0.40822E+01   0.18060E+04
  184     3.8754  12.2045  -0.16835E+01  -0.29972E+00  -0.25192E+00   0.40804E+01   0.17720E+04
  185     3.9178  12.2257  -0.16994E+01  -0.30320E+00  -0.25540E+00   0.40787E+01   0.17384E+04
  186     3.9606  12.2467  -0.17154E+01  -0.30670E+00  -0.25890E+00   0.40770E+01   0.17052E+04
  187     4.0037  12.2674  -0.17315E+01  -0.31022E+00  -0.26242E+00   0.40753E+01   0.16725E+04
  188     4.0472  12.2878  -0.17477E+01  -0.31378E+00  -0.26598E+00   0.40737E+01   0.16402E+04
  189     4.0911  12.3080  -0.17639E+01  -0.31736E+00  -0.26956E+00   0.40721E+01   0.16080E+04
  190     4.1353  12.3279  -0.17803E+01  -0.32097E+00  -0.27317E+00   0.40705E+01   0.15762E+04
  191     4.1800  12.3476  -0.17967E+01  -0.32460E+00  -0.27680E+00   0.40690E+01   0.15446E+04
  192     4.2250  12.3670  -0.18133E+01  -0.32826E+00  -0.28046E+00   0.40675E+01   0.15133E+04
  193     4.2705  12.3862  -0.18298E+01  -0.33195E+00  -0.28415E+00   0.40661E+01   0.14821E+04
  194     4.3163  12.4051  -0.18465E+01  -0.33566E+00  -0.28786E+00   0.40647E+01   0.14511E+04
  195     4.3625  12.4238  -0.18632E+01  -0.33939E+00  -0.29159E+00   0.40633E+01   0.14208E+04
  196     4.4091  12.4423  -0.18801E+01  -0.34315E+00  -0.29535E+00   0.40620E+01   0.13908E+04
  197     4.4561  12.4605  -0.18969E+01  -0.34693E+00  -0.29913E+00   0.40607E+01   0.13613E+04
  198     4.5036  12.4785  -0.19139E+01  -0.35073E+00  -0.30293E+00   0.40594E+01   0.13322E+04
  199     4.5514  12.4962  -0.19310E+01  -0.35457E+00  -0.30677E+00   0.40581E+01   0.13035E+04
  200     4.5997  12.5138  -0.19481E+01  -0.35843E+00  -0.31063E+00   0.40569E+01   0.12752E+04
  201     4.6484  12.5311  -0.19653E+01  -0.36232E+00  -0.31452E+00   0.40557E+01   0.12475E+04
  202     4.6975  12.5482  -0.19826E+01  -0.36623E+00  -0.31843E+00   0.40546E+01   0.12199E+04
  203     4.7470  12.5650  -0.20000E+01  -0.37017E+00  -0.32237E+00   0.40534E+01   0.11927E+04
  204     4.7970  12.5817  -0.20174E+01  -0.37414E+00  -0.32634E+00   0.40523E+01   0.11657E+04
  205     4.8474  12.5981  -0.20350E+01  -0.37813E+00  -0.33033E+00   0.40512E+01   0.11393E+04
  206     4.8982  12.6144  -0.20526E+01  -0.38215E+00  -0.33435E+00   0.40502E+01   0.11133E+04
  207     4.9495  12.6304  -0.20703E+01  -0.38619E+00  -0.33839E+00   0.40491E+01   0.10877E+04
  208     5.0012  12.6462  -0.20881E+01  -0.39027E+00  -0.34247E+00   0.40481E+01   0.10624E+04
  209     5.0534  12.6619  -0.21060E+01  -0.39437E+00  -0.34657E+00   0.40471E+01   0.10376E+04
  210     5.1060  12.6773  -0.21239E+01  -0.39849E+00  -0.35069E+00   0.40462E+01   0.10131E+04
  211     5.1591  12.6925  -0.21419E+01  -0.40265E+00  -0.35485E+00   0.40452E+01   0.98894E+03
  212     5.2126  12.7076  -0.21601E+01  -0.40683E+00  -0.35903E+00   0.40443E+01   0.96513E+03
  213     5.2667  12.7224  -0.21783E+01  -0.41104E+00  -0.36324E+00   0.40434E+01   0.94182E+03
  214     5.3211  12.7371  -0.21966E+01  -0.41528E+00  -0.36748E+00   0.40425E+01   0.91882E+03
  215     5.3761  12.7515  -0.22149E+01  -0.41954E+00  -0.37174E+00   0.40417E+01   0.89617E+03
  216     5.4315  12.7658  -0.22334E+01  -0.42383E+00  -0.37603E+00   0.40408E+01   0.87401E+03
  217     5.4874  12.7799  -0.22519E+01  -0.42814E+00  -0.38034E+00   0.40400E+01   0.85227E+03
  218     5.5438  12.7938  -0.22705E+01  -0.43249E+00  -0.38469E+00   0.40392E+01   0.83091E+03
  219     5.6007  12.8076  -0.22892E+01  -0.43686E+00  -0.38906E+00   0.40384E+01   0.80992E+03
  220     5.6581  12.8211  -0.23080E+01  -0.44127E+00  -0.39347E+00   0.40377E+01   0.78921E+03
  221     5.7160  12.8345  -0.23269E+01  -0.44570E+00  -0.39790E+00   0.40369E+01   0.76896E+03
  222     5.7744  12.8477  -0.23459E+01  -0.45016E+00  -0.40236E+00   0.40362E+01   0.74897E+03
  223     5.8333  12.8608  -0.23649E+01  -0.45465E+00  -0.40685E+00   0.40355E+01   0.72934E+03
  224     5.8927  12.8737  -0.23840E+01  -0.45916E+00  -0.41136E+00   0.40348E+01   0.71011E+03
  225     5.9526  12.8864  -0.24033E+01  -0.46370E+00  -0.41590E+00   0.40341E+01   0.69125E+03
  226     6.0131  12.8990  -0.24226E+01  -0.46827E+00  -0.42047E+00   0.40334E+01   0.67279E+03
  227     6.0740  12.9114  -0.24420E+01  -0.47287E+00  -0.42507E+00   0.40328E+01   0.65467E+03
  228     6.1355  12.9236  -0.24614E+01  -0.47750E+00  -0.42970E+00   0.40321E+01   0.63700E+03
  229     6.1976  12.9357  -0.24810E+01  -0.48216E+00  -0.43436E+00   0.40315E+01   0.61960E+03
  230     6.2602  12.9476  -0.25007E+01  -0.48685E+00  -0.43905E+00   0.40309E+01   0.60265E+03
  231     6.3233  12.9594  -0.25204E+01  -0.49156E+00  -0.44376E+00   0.40303E+01   0.58602E+03
  232     6.3869  12.9710  -0.25403E+01  -0.49631E+00  -0.44851E+00   0.40297E+01   0.56973E+03
  233     6.4512  12.9825  -0.25602E+01  -0.50109E+00  -0.45329E+00   0.40291E+01   0.55361E+03
  234     6.5159  12.9938  -0.25802E+01  -0.50590E+00  -0.45810E+00   0.40286E+01   0.53793E+03
  235     6.5813  13.0050  -0.26003E+01  -0.51073E+00  -0.46293E+00   0.40280E+01   0.52255E+03
  236     6.6472  13.0160  -0.26205E+01  -0.51560E+00  -0.46780E+00   0.40275E+01   0.50748E+03
  237     6.7137  13.0269  -0.26408E+01  -0.52049E+00  -0.47269E+00   0.40270E+01   0.49286E+03
  238     6.7807  13.0377  -0.26612E+01  -0.52541E+00  -0.47760E+00   0.40265E+01   0.47848E+03
  239     6.8484  13.0483  -0.26816E+01  -0.53036E+00  -0.48256E+00   0.40260E+01   0.46445E+03
  240     6.9166  13.0588  -0.27022E+01  -0.53535E+00  -0.48755E+00   0.40255E+01   0.45082E+03
  241     6.9854  13.0691  -0.27228E+01  -0.54036E+00  -0.49256E+00   0.40250E+01   0.43751E+03
  242     7.0549  13.0794  -0.27436E+01  -0.54541E+00  -0.49761E+00   0.40245E+01   0.42436E+03
  243     7.1249  13.0894  -0.27644E+01  -0.55049E+00  -0.50269E+00   0.40241E+01   0.41154E+03
  244     7.1955  13.0994  -0.27854E+01  -0.55560E+00  -0.50779E+00   0.40236E+01   0.39906E+03
  245     7.2668  13.1092  -0.28064E+01  -0.56074E+00  -0.51294E+00   0.40232E+01   0.38681E+03
  246     7.3387  13.1189  -0.28275E+01  -0.56590E+00  -0.51810E+00   0.40227E+01   0.37488E+03
  247     7.4112  13.1285  -0.28487E+01  -0.57110E+00  -0.52330E+00   0.40223E+01   0.36330E+03
  248     7.4843  13.1380  -0.28700E+01  -0.57633E+00  -0.52853E+00   0.40219E+01   0.35191E+03
  249     7.5580  13.1473  -0.28914E+01  -0.58159E+00  -0.53379E+00   0.40215E+01   0.34090E+03
  250     7.6324  13.1565  -0.29129E+01  -0.58689E+00  -0.53909E+00   0.40211E+01   0.33014E+03
  251     7.7075  13.1656  -0.29345E+01  -0.59222E+00  -0.54442E+00   0.40207E+01   0.31963E+03
  252     7.7832  13.1746  -0.29562E+01  -0.59758E+00  -0.54977E+00   0.40203E+01   0.30937E+03
  253     7.8596  13.1834  -0.29780E+01  -0.60296E+00  -0.55516E+00   0.40200E+01   0.29941E+03
  254     7.9366  13.1922  -0.29999E+01  -0.60838E+00  -0.56058E+00   0.40196E+01   0.28968E+03
  255     8.0143  13.2008  -0.30218E+01  -0.61383E+00  -0.56603E+00   0.40193E+01   0.28025E+03
  256     8.0926  13.2093  -0.30439E+01  -0.61932E+00  -0.57152E+00   0.40189E+01   0.27104E+03
  257     8.1717  13.2178  -0.30661E+01  -0.62484E+00  -0.57704E+00   0.40186E+01   0.26205E+03
  258     8.2514  13.2261  -0.30884E+01  -0.63040E+00  -0.58260E+00   0.40182E+01   0.25330E+03
  259     8.3319  13.2343  -0.31107E+01  -0.63598E+00  -0.58818E+00   0.40179E+01   0.24482E+03
  260     8.4130  13.2424  -0.31332E+01  -0.64160E+00  -0.59380E+00   0.40176E+01   0.23652E+03
  261     8.4948  13.2503  -0.31558E+01  -0.64725E+00  -0.59945E+00   0.40173E+01   0.22849E+03
  262     8.5774  13.2582  -0.31784E+01  -0.65293E+00  -0.60513E+00   0.40170E+01   0.22067E+03
  263     8.6606  13.2660  -0.32012E+01  -0.65865E+00  -0.61085E+00   0.40167E+01   0.21306E+03
  264     8.7446  13.2737  -0.32241E+01  -0.66441E+00  -0.61661E+00   0.40164E+01   0.20518E+03
  265     8.8293  13.2813  -0.32471E+01  -0.67019E+00  -0.62239E+00   0.40161E+01   0.19857E+03
  266     8.9148  13.2888  -0.32702E+01  -0.67601E+00  -0.62821E+00   0.40158E+01   0.19155E+03
  267     9.0010  13.2962  -0.32931E+01  -0.68178E+00  -0.63398E+00   0.40155E+01   0.18485E+03
  268     9.0879  13.3035  -0.33167E+01  -0.68777E+00  -0.63997E+00   0.40153E+01   0.17813E+03
  269     9.1756  13.3107  -0.33400E+01  -0.69368E+00  -0.64588E+00   0.40150E+01   0.17171E+03
  270     9.2641  13.3178  -0.33635E+01  -0.69963E+00  -0.65183E+00   0.40147E+01   0.16599E+03
  271     9.3534  13.3248  -0.33871E+01  -0.70562E+00  -0.65782E+00   0.40145E+01   0.15959E+03
  272     9.4434  13.3317  -0.34108E+01  -0.71164E+00  -0.66384E+00   0.40142E+01   0.15376E+03
  273     9.5342  13.3386  -0.34346E+01  -0.71771E+00  -0.66991E+00   0.40140E+01   0.14812E+03
  274     9.6257  13.3453  -0.34585E+01  -0.72380E+00  -0.67600E+00   0.40137E+01   0.14266E+03
  275     9.7181  13.3520  -0.34825E+01  -0.72994E+00  -0.68214E+00   0.40135E+01   0.13733E+03
  276     9.8113  13.3586  -0.35067E+01  -0.73610E+00  -0.68830E+00   0.40133E+01   0.13219E+03
  277     9.9053  13.3651  -0.35309E+01  -0.74231E+00  -0.69451E+00   0.40130E+01   0.12722E+03
  278    10.0001  13.3715  -0.35552E+01  -0.74855E+00  -0.70074E+00   0.40128E+01   0.12236E+03
  279    10.0957  13.3778  -0.35797E+01  -0.75482E+00  -0.70702E+00   0.40126E+01   0.11771E+03
  280    10.1922  13.3841  -0.36042E+01  -0.76113E+00  -0.71333E+00   0.40124E+01   0.11321E+03
  281    10.2895  13.3902  -0.36289E+01  -0.76748E+00  -0.71968E+00   0.40122E+01   0.10882E+03
  282    10.3877  13.3963  -0.36537E+01  -0.77386E+00  -0.72606E+00   0.40120E+01   0.10461E+03
  283    10.4867  13.4023  -0.36786E+01  -0.78028E+00  -0.73248E+00   0.40118E+01   0.10051E+03
  284    10.5865  13.4083  -0.37036E+01  -0.78674E+00  -0.73894E+00   0.40116E+01   0.96559E+02
  285    10.6873  13.4141  -0.37287E+01  -0.79324E+00  -0.74544E+00   0.40114E+01   0.92733E+02
  286    10.7889  13.4199  -0.37539E+01  -0.79977E+00  -0.75197E+00   0.40112E+01   0.89036E+02
  287    10.8914  13.4256  -0.37793E+01  -0.80634E+00  -0.75854E+00   0.40110E+01   0.85461E+02
  288    10.9947  13.4312  -0.38047E+01  -0.81295E+00  -0.76515E+00   0.40108E+01   0.82023E+02
  289    11.0990  13.4368  -0.38303E+01  -0.81959E+00  -0.77179E+00   0.40107E+01   0.78697E+02
  290    11.2042  13.4423  -0.38560E+01  -0.82628E+00  -0.77848E+00   0.40105E+01   0.75476E+02
  291    11.3103  13.4477  -0.38818E+01  -0.83300E+00  -0.78520E+00   0.40103E+01   0.72365E+02
  292    11.4173  13.4530  -0.39077E+01  -0.83977E+00  -0.79197E+00   0.40101E+01   0.69377E+02
  293    11.5253  13.4583  -0.39337E+01  -0.84656E+00  -0.79876E+00   0.40100E+01   0.66501E+02
  294    11.6342  13.4635  -0.39598E+01  -0.85340E+00  -0.80560E+00   0.40098E+01   0.63709E+02
  295    11.7440  13.4687  -0.39861E+01  -0.86027E+00  -0.81247E+00   0.40097E+01   0.61034E+02
  296    11.8548  13.4738  -0.40125E+01  -0.86719E+00  -0.81939E+00   0.40095E+01   0.58449E+02
  297    11.9666  13.4788  -0.40390E+01  -0.87415E+00  -0.82634E+00   0.40093E+01   0.55952E+02
  298    12.0793  13.4837  -0.40656E+01  -0.88115E+00  -0.83335E+00   0.40092E+01   0.53545E+02
  299    12.1930  13.4886  -0.40923E+01  -0.88817E+00  -0.84037E+00   0.40090E+01   0.51256E+02
  300    12.3077  13.4934  -0.41192E+01  -0.89525E+00  -0.84745E+00   0.40089E+01   0.49005E+02
  301    12.4234  13.4982  -0.41462E+01  -0.90237E+00  -0.85457E+00   0.40088E+01   0.46878E+02
  302    12.5401  13.5029  -0.41733E+01  -0.90952E+00  -0.86172E+00   0.40086E+01   0.44820E+02
  303    12.6578  13.5075  -0.42005E+01  -0.91672E+00  -0.86892E+00   0.40085E+01   0.42836E+02
  304    12.7766  13.5121  -0.42278E+01  -0.92396E+00  -0.87616E+00   0.40084E+01   0.40921E+02
  305    12.8963  13.5166  -0.42553E+01  -0.93124E+00  -0.88344E+00   0.40082E+01   0.39093E+02
  306    13.0172  13.5211  -0.42829E+01  -0.93856E+00  -0.89076E+00   0.40081E+01   0.37337E+02
  307    13.1390  13.5255  -0.43106E+01  -0.94592E+00  -0.89812E+00   0.40080E+01   0.35649E+02
  308    13.2619  13.5298  -0.43384E+01  -0.95332E+00  -0.90552E+00   0.40078E+01   0.34021E+02
  309    13.3859  13.5341  -0.43664E+01  -0.96076E+00  -0.91296E+00   0.40077E+01   0.32472E+02
  310    13.5110  13.5383  -0.43945E+01  -0.96826E+00  -0.92046E+00   0.40076E+01   0.30974E+02
  311    13.6372  13.5425  -0.44227E+01  -0.97578E+00  -0.92798E+00   0.40075E+01   0.29535E+02
  312    13.7644  13.5466  -0.44511E+01  -0.98336E+00  -0.93556E+00   0.40074E+01   0.28151E+02
  313    13.8928  13.5507  -0.44796E+01  -0.99097E+00  -0.94317E+00   0.40073E+01   0.26833E+02
  314    14.0223  13.5547  -0.45082E+01  -0.99863E+00  -0.95083E+00   0.40071E+01   0.25560E+02
  315    14.1529  13.5587  -0.45369E+01  -0.10063E+01  -0.95853E+00   0.40070E+01   0.24349E+02
  316    14.2846  13.5626  -0.45658E+01  -0.10141E+01  -0.96628E+00   0.40069E+01   0.23189E+02
  317    14.4175  13.5665  -0.45948E+01  -0.10219E+01  -0.97407E+00   0.40068E+01   0.22073E+02
  318    14.5515  13.5703  -0.46239E+01  -0.10297E+01  -0.98190E+00   0.40067E+01   0.21004E+02
  319    14.6867  13.5741  -0.46532E+01  -0.10376E+01  -0.98978E+00   0.40066E+01   0.19988E+02
  320    14.8231  13.5778  -0.46826E+01  -0.10455E+01  -0.99770E+00   0.40065E+01   0.19007E+02
  321    14.9607  13.5815  -0.47121E+01  -0.10535E+01  -0.10057E+01   0.40064E+01   0.18073E+02
  322    15.0994  13.5851  -0.47418E+01  -0.10615E+01  -0.10137E+01   0.40063E+01   0.17176E+02
  323    15.2394  13.5887  -0.47716E+01  -0.10695E+01  -0.10217E+01   0.40062E+01   0.16321E+02
  324    15.3806  13.5922  -0.48015E+01  -0.10776E+01  -0.10298E+01   0.40061E+01   0.15503E+02
  325    15.5230  13.5957  -0.48316E+01  -0.10858E+01  -0.10380E+01   0.40060E+01   0.14720E+02
  326    15.6666  13.5991  -0.48618E+01  -0.10940E+01  -0.10462E+01   0.40060E+01   0.13974E+02
  327    15.8115  13.6025  -0.48922E+01  -0.11022E+01  -0.10544E+01   0.40059E+01   0.13262E+02
  328    15.9577  13.6059  -0.49227E+01  -0.11105E+01  -0.10627E+01   0.40058E+01   0.12583E+02
  329    16.1051  13.6092  -0.49533E+01  -0.11188E+01  -0.10710E+01   0.40057E+01   0.11935E+02
  330    16.2538  13.6124  -0.49841E+01  -0.11272E+01  -0.10794E+01   0.40056E+01   0.11311E+02
  331    16.4038  13.6157  -0.50150E+01  -0.11357E+01  -0.10879E+01   0.40055E+01   0.10724E+02
  332    16.5551  13.6188  -0.50461E+01  -0.11441E+01  -0.10963E+01   0.40055E+01   0.10163E+02
  333    16.7078  13.6220  -0.50773E+01  -0.11527E+01  -0.11049E+01   0.40054E+01   0.96231E+01
  334    16.8617  13.6251  -0.51086E+01  -0.11612E+01  -0.11134E+01   0.40053E+01   0.91119E+01
  335    17.0170  13.6281  -0.51401E+01  -0.11698E+01  -0.11220E+01   0.40052E+01   0.86248E+01
  336    17.1736  13.6312  -0.51718E+01  -0.11785E+01  -0.11307E+01   0.40051E+01   0.81570E+01
  337    17.3316  13.6342  -0.52035E+01  -0.11872E+01  -0.11394E+01   0.40051E+01   0.77203E+01
  338    17.4910  13.6371  -0.52355E+01  -0.11960E+01  -0.11482E+01   0.40050E+01   0.73015E+01
  339    17.6518  13.6400  -0.52676E+01  -0.12048E+01  -0.11570E+01   0.40049E+01   0.69010E+01
  340    17.8139  13.6429  -0.52998E+01  -0.12137E+01  -0.11659E+01   0.40049E+01   0.65230E+01
  341    17.9775  13.6457  -0.53322E+01  -0.12226E+01  -0.11748E+01   0.40048E+01   0.61606E+01
  342    18.1425  13.6485  -0.53647E+01  -0.12316E+01  -0.11838E+01   0.40047E+01   0.58178E+01
  343    18.3089  13.6513  -0.53974E+01  -0.12406E+01  -0.11928E+01   0.40047E+01   0.54919E+01
  344    18.4768  13.6540  -0.54302E+01  -0.12496E+01  -0.12018E+01   0.40046E+01   0.51820E+01
  345    18.6461  13.6567  -0.54632E+01  -0.12588E+01  -0.12110E+01   0.40045E+01   0.48880E+01
  346    18.8169  13.6593  -0.54964E+01  -0.12679E+01  -0.12201E+01   0.40045E+01   0.46096E+01
  347    18.9892  13.6619  -0.55297E+01  -0.12772E+01  -0.12294E+01   0.40044E+01   0.43455E+01
  348    19.1630  13.6645  -0.55631E+01  -0.12864E+01  -0.12386E+01   0.40043E+01   0.40958E+01
  349    19.3383  13.6671  -0.55967E+01  -0.12957E+01  -0.12479E+01   0.40043E+01   0.38577E+01
  350    19.5151  13.6696  -0.56305E+01  -0.13051E+01  -0.12573E+01   0.40042E+01   0.36338E+01
  351    19.6934  13.6721  -0.56644E+01  -0.13146E+01  -0.12668E+01   0.40042E+01   0.34197E+01
  352    19.8734  13.6745  -0.56985E+01  -0.13240E+01  -0.12762E+01   0.40041E+01   0.32176E+01
  353    20.0548  13.6770  -0.57328E+01  -0.13336E+01  -0.12858E+01   0.40041E+01   0.30271E+01
  354    20.2379  13.6794  -0.57672E+01  -0.13432E+01  -0.12954E+01   0.40040E+01   0.28460E+01
  355    20.4225  13.6817  -0.58017E+01  -0.13528E+01  -0.13050E+01   0.40039E+01   0.26761E+01
  356    20.6088  13.6840  -0.58364E+01  -0.13625E+01  -0.13147E+01   0.40039E+01   0.25143E+01
  357    20.7966  13.6863  -0.58714E+01  -0.13723E+01  -0.13245E+01   0.40038E+01   0.23609E+01
  358    20.9861  13.6886  -0.59064E+01  -0.13821E+01  -0.13343E+01   0.40038E+01   0.22168E+01
  359    21.1773  13.6909  -0.59417E+01  -0.13919E+01  -0.13441E+01   0.40037E+01   0.20800E+01
  360    21.3701  13.6931  -0.59771E+01  -0.14019E+01  -0.13541E+01   0.40037E+01   0.19520E+01
  361    21.5646  13.6953  -0.60126E+01  -0.14118E+01  -0.13640E+01   0.40036E+01   0.18315E+01
  362    21.7607  13.6974  -0.60484E+01  -0.14219E+01  -0.13741E+01   0.40036E+01   0.17152E+01
  363    21.9586  13.6995  -0.60843E+01  -0.14320E+01  -0.13842E+01   0.40035E+01   0.16082E+01
  364    22.1582  13.7016  -0.61203E+01  -0.14421E+01  -0.13943E+01   0.40035E+01   0.15067E+01
  365    22.3596  13.7037  -0.61566E+01  -0.14523E+01  -0.14045E+01   0.40000E+01   0.14114E+01
  366    22.5626  13.7058  -0.61930E+01  -0.14626E+01  -0.14148E+01   0.40000E+01   0.13205E+01
  367    22.7675  13.7078  -0.62296E+01  -0.14729E+01  -0.14251E+01   0.40000E+01   0.12353E+01
  368    22.9741  13.7098  -0.62663E+01  -0.14833E+01  -0.14355E+01   0.40000E+01   0.11549E+01
  369    23.1825  13.7117  -0.63033E+01  -0.14937E+01  -0.14459E+01   0.40000E+01   0.10804E+01
  370    23.3928  13.7137  -0.63404E+01  -0.15042E+01  -0.14564E+01   0.40000E+01   0.10090E+01
  371    23.6049  13.7156  -0.63777E+01  -0.15148E+01  -0.14670E+01   0.40000E+01   0.94320E+00
  372    23.8188  13.7175  -0.64151E+01  -0.15254E+01  -0.14776E+01   0.40000E+01   0.87957E+00
  373    24.0345  13.7194  -0.64528E+01  -0.15360E+01  -0.14882E+01   0.40000E+01   0.82163E+00
  374    24.2522  13.7212  -0.64906E+01  -0.15468E+01  -0.14990E+01   0.40000E+01   0.76618E+00
  375    24.4717  13.7230  -0.65286E+01  -0.15576E+01  -0.15098E+01   0.40000E+01   0.71579E+00
  376    24.6932  13.7248  -0.65668E+01  -0.15684E+01  -0.15206E+01   0.40000E+01   0.66668E+00
  377    24.9166  13.7266  -0.66051E+01  -0.15793E+01  -0.15315E+01   0.40000E+01   0.62143E+00
  378    25.1419  13.7284  -0.66437E+01  -0.15903E+01  -0.15425E+01   0.40000E+01   0.57841E+00
  379    25.3691  13.7301  -0.66824E+01  -0.16013E+01  -0.15535E+01   0.40000E+01   0.53903E+00
  380    25.5984  13.7318  -0.67214E+01  -0.16124E+01  -0.15646E+01   0.40000E+01   0.50148E+00
  381    25.8296  13.7335  -0.67605E+01  -0.16236E+01  -0.15758E+01   0.40000E+01   0.46639E+00
  382    26.0629  13.7351  -0.67998E+01  -0.16348E+01  -0.15870E+01   0.40000E+01   0.43353E+00
  383    26.2982  13.7368  -0.68392E+01  -0.16461E+01  -0.15983E+01   0.40000E+01   0.40306E+00
  384    26.5355  13.7384  -0.68789E+01  -0.16574E+01  -0.16096E+01   0.40000E+01   0.37458E+00
  385    26.7749  13.7400  -0.69188E+01  -0.16688E+01  -0.16210E+01   0.40000E+01   0.34774E+00
  386    27.0164  13.7416  -0.69588E+01  -0.16803E+01  -0.16325E+01   0.40000E+01   0.32259E+00
  387    27.2599  13.7431  -0.69991E+01  -0.16918E+01  -0.16440E+01   0.40000E+01   0.29940E+00
  388    27.5056  13.7447  -0.70395E+01  -0.17034E+01  -0.16556E+01   0.40000E+01   0.27773E+00
  389    27.7534  13.7462  -0.70802E+01  -0.17151E+01  -0.16673E+01   0.40000E+01   0.25746E+00
  390    28.0034  13.7477  -0.71210E+01  -0.17268E+01  -0.16790E+01   0.40000E+01   0.23853E+00
  391    28.2556  13.7492  -0.71620E+01  -0.17386E+01  -0.16908E+01   0.40000E+01   0.22096E+00
  392    28.5099  13.7506  -0.72033E+01  -0.17505E+01  -0.17027E+01   0.40000E+01   0.20455E+00
  393    28.7665  13.7521  -0.72446E+01  -0.17624E+01  -0.17146E+01   0.40000E+01   0.18931E+00
  394    29.0253  13.7535  -0.72862E+01  -0.17744E+01  -0.17266E+01   0.40000E+01   0.17505E+00
  395    29.2863  13.7549  -0.73280E+01  -0.17864E+01  -0.17386E+01   0.40000E+01   0.16174E+00
  396    29.5496  13.7563  -0.73700E+01  -0.17985E+01  -0.17507E+01   0.40000E+01   0.14951E+00
  397    29.8152  13.7577  -0.74122E+01  -0.18107E+01  -0.17629E+01   0.40000E+01   0.13805E+00
  398    30.0831  13.7590  -0.74546E+01  -0.18230E+01  -0.17752E+01   0.40000E+01   0.12748E+00
  399    30.3534  13.7604  -0.74972E+01  -0.18353E+01  -0.17875E+01   0.40000E+01   0.11764E+00
  400    30.6259  13.7617  -0.75400E+01  -0.18477E+01  -0.17999E+01   0.40000E+01   0.10847E+00
