0.01 	 0 	 1.40983e-08 	 7.50711e-25 	 -1.28335 	 7.78861e-25 
0.0101158 	 7.1477e+12 	 1.40928e-08 	 7.39701e-25 	 -1.56475 	 7.68741e-25 
0.0102329 	 1.43725e+13 	 1.40816e-08 	 7.24145e-25 	 -1.47312 	 7.58743e-25 
0.0103514 	 2.16751e+13 	 1.40705e-08 	 7.15031e-25 	 -1.10614 	 7.48866e-25 
0.0104713 	 2.90565e+13 	 1.40591e-08 	 7.05934e-25 	 -1.11057 	 7.39108e-25 
0.0105925 	 3.65172e+13 	 1.40476e-08 	 6.96979e-25 	 -1.10724 	 7.29468e-25 
0.0107152 	 4.40581e+13 	 1.40361e-08 	 6.88164e-25 	 -1.10832 	 7.19944e-25 
0.0108393 	 5.168e+13 	 1.40244e-08 	 6.79417e-25 	 -1.11261 	 7.10536e-25 
0.0109648 	 5.93837e+13 	 1.40125e-08 	 6.70758e-25 	 -1.1127 	 7.01242e-25 
0.0110917 	 6.717e+13 	 1.40005e-08 	 6.62231e-25 	 -1.11245 	 6.9206e-25 
0.0112202 	 7.50397e+13 	 1.39885e-08 	 6.53795e-25 	 -1.11564 	 6.82989e-25 
0.0113501 	 8.29936e+13 	 1.39762e-08 	 6.45436e-25 	 -1.11692 	 6.74028e-25 
0.0114815 	 9.10326e+13 	 1.39639e-08 	 6.37195e-25 	 -1.11697 	 6.65175e-25 
0.0116145 	 9.91574e+13 	 1.39514e-08 	 6.29047e-25 	 -1.11906 	 6.5643e-25 
0.011749 	 1.07369e+14 	 1.39388e-08 	 6.20986e-25 	 -1.12097 	 6.4779e-25 
0.011885 	 1.15668e+14 	 1.3926e-08 	 6.13019e-25 	 -1.12184 	 6.39255e-25 
0.0120226 	 1.24055e+14 	 1.39131e-08 	 6.0515e-25 	 -1.12266 	 6.30824e-25 
0.0121619 	 1.32532e+14 	 1.39001e-08 	 5.97375e-25 	 -1.12444 	 6.22494e-25 
0.0123027 	 1.41098e+14 	 1.38869e-08 	 5.89683e-25 	 -1.1266 	 6.14266e-25 
0.0124451 	 1.49756e+14 	 1.38736e-08 	 5.82078e-25 	 -1.12798 	 6.06137e-25 
0.0125893 	 1.58505e+14 	 1.38601e-08 	 5.74565e-25 	 -1.12845 	 5.98107e-25 
0.012735 	 1.67348e+14 	 1.38465e-08 	 5.67148e-25 	 -1.12978 	 5.90174e-25 
0.0128825 	 1.76283e+14 	 1.38328e-08 	 5.59811e-25 	 -1.13206 	 5.82338e-25 
0.0130317 	 1.85313e+14 	 1.38189e-08 	 5.52556e-25 	 -1.13352 	 5.74597e-25 
0.0131826 	 1.94439e+14 	 1.38049e-08 	 5.45389e-25 	 -1.1349 	 5.66949e-25 
0.0133352 	 2.0366e+14 	 1.37907e-08 	 5.38303e-25 	 -1.13659 	 5.59395e-25 
0.0134896 	 2.12979e+14 	 1.37764e-08 	 5.31301e-25 	 -1.13789 	 5.51932e-25 
0.0136458 	 2.22396e+14 	 1.37619e-08 	 5.24382e-25 	 -1.13922 	 5.4456e-25 
0.0138038 	 2.31912e+14 	 1.37473e-08 	 5.17545e-25 	 -1.14089 	 5.37278e-25 
0.0139637 	 2.41528e+14 	 1.37325e-08 	 5.10786e-25 	 -1.14266 	 5.30084e-25 
0.0141254 	 2.51244e+14 	 1.37176e-08 	 5.04106e-25 	 -1.14431 	 5.22977e-25 
0.0142889 	 2.61063e+14 	 1.37025e-08 	 4.97504e-25 	 -1.1459 	 5.15957e-25 
0.0144544 	 2.70984e+14 	 1.36873e-08 	 4.90979e-25 	 -1.14746 	 5.09023e-25 
0.0146218 	 2.81009e+14 	 1.36719e-08 	 4.84531e-25 	 -1.14899 	 5.02173e-25 
0.0147911 	 2.91138e+14 	 1.36563e-08 	 4.7816e-25 	 -1.15075 	 4.95407e-25 
0.0149624 	 3.01373e+14 	 1.36406e-08 	 4.71861e-25 	 -1.15264 	 4.88723e-25 
0.0151356 	 3.11714e+14 	 1.36247e-08 	 4.65636e-25 	 -1.15417 	 4.8212e-25 
0.0153109 	 3.22163e+14 	 1.36087e-08 	 4.59486e-25 	 -1.1557 	 4.75598e-25 
0.0154882 	 3.32721e+14 	 1.35925e-08 	 4.53408e-25 	 -1.15764 	 4.69156e-25 
0.0156675 	 3.43388e+14 	 1.35762e-08 	 4.474e-25 	 -1.15945 	 4.62792e-25 
0.0158489 	 3.54165e+14 	 1.35596e-08 	 4.41464e-25 	 -1.16107 	 4.56506e-25 
0.0160325 	 3.65054e+14 	 1.3543e-08 	 4.35598e-25 	 -1.16287 	 4.50297e-25 
0.0162181 	 3.76055e+14 	 1.35261e-08 	 4.298e-25 	 -1.16468 	 4.44164e-25 
0.0164059 	 3.8717e+14 	 1.35091e-08 	 4.24071e-25 	 -1.16647 	 4.38106e-25 
0.0165959 	 3.98399e+14 	 1.34919e-08 	 4.1841e-25 	 -1.16839 	 4.32122e-25 
0.016788 	 4.09744e+14 	 1.34745e-08 	 4.12815e-25 	 -1.17025 	 4.26211e-25 
0.0169824 	 4.21205e+14 	 1.3457e-08 	 4.07286e-25 	 -1.172 	 4.20373e-25 
0.0171791 	 4.32784e+14 	 1.34393e-08 	 4.01823e-25 	 -1.17391 	 4.14606e-25 
0.017378 	 4.44481e+14 	 1.34214e-08 	 3.96424e-25 	 -1.1759 	 4.0891e-25 
0.0175792 	 4.56298e+14 	 1.34033e-08 	 3.9109e-25 	 -1.17777 	 4.03284e-25 
0.0177828 	 4.68236e+14 	 1.33851e-08 	 3.85818e-25 	 -1.17968 	 3.97728e-25 
0.0179887 	 4.80295e+14 	 1.33667e-08 	 3.80609e-25 	 -1.18167 	 3.92239e-25 
0.018197 	 4.92477e+14 	 1.33481e-08 	 3.75462e-25 	 -1.18367 	 3.86818e-25 
0.0184077 	 5.04783e+14 	 1.33293e-08 	 3.70376e-25 	 -1.18565 	 3.81464e-25 
0.0186209 	 5.17214e+14 	 1.33104e-08 	 3.6535e-25 	 -1.18764 	 3.76175e-25 
0.0188365 	 5.29771e+14 	 1.32912e-08 	 3.60385e-25 	 -1.18968 	 3.70952e-25 
0.0190546 	 5.42455e+14 	 1.32719e-08 	 3.55478e-25 	 -1.19175 	 3.65793e-25 
0.0192752 	 5.55267e+14 	 1.32524e-08 	 3.5063e-25 	 -1.19382 	 3.60698e-25 
0.0194984 	 5.68208e+14 	 1.32327e-08 	 3.4584e-25 	 -1.19589 	 3.55666e-25 
0.0197242 	 5.81279e+14 	 1.32128e-08 	 3.41107e-25 	 -1.198 	 3.50696e-25 
0.0199526 	 5.94482e+14 	 1.31928e-08 	 3.3643e-25 	 -1.20013 	 3.45787e-25 
0.0201837 	 6.07817e+14 	 1.31725e-08 	 3.3181e-25 	 -1.20228 	 3.4094e-25 
0.0204174 	 6.21286e+14 	 1.31521e-08 	 3.27245e-25 	 -1.20444 	 3.36152e-25 
0.0206538 	 6.3489e+14 	 1.31314e-08 	 3.22734e-25 	 -1.20663 	 3.31424e-25 
0.020893 	 6.48629e+14 	 1.31106e-08 	 3.18278e-25 	 -1.20884 	 3.26754e-25 
0.0211349 	 6.62506e+14 	 1.30896e-08 	 3.13875e-25 	 -1.21106 	 3.22142e-25 
0.0213796 	 6.7652e+14 	 1.30684e-08 	 3.09525e-25 	 -1.2133 	 3.17588e-25 
0.0216272 	 6.90674e+14 	 1.3047e-08 	 3.05227e-25 	 -1.21557 	 3.1309e-25 
0.0218776 	 7.04967e+14 	 1.30253e-08 	 3.00982e-25 	 -1.21786 	 3.08648e-25 
0.0221309 	 7.19403e+14 	 1.30035e-08 	 2.96787e-25 	 -1.22016 	 3.04262e-25 
0.0223872 	 7.33981e+14 	 1.29815e-08 	 2.92643e-25 	 -1.22249 	 2.9993e-25 
0.0226464 	 7.48702e+14 	 1.29593e-08 	 2.8855e-25 	 -1.22483 	 2.95653e-25 
0.0229087 	 7.63569e+14 	 1.29369e-08 	 2.84505e-25 	 -1.2272 	 2.91429e-25 
0.0231739 	 7.78581e+14 	 1.29143e-08 	 2.8051e-25 	 -1.22958 	 2.87257e-25 
0.0234423 	 7.93741e+14 	 1.28915e-08 	 2.76563e-25 	 -1.23199 	 2.83138e-25 
0.0237137 	 8.09049e+14 	 1.28685e-08 	 2.72665e-25 	 -1.23442 	 2.79071e-25 
0.0239883 	 8.24506e+14 	 1.28452e-08 	 2.68813e-25 	 -1.23687 	 2.75055e-25 
0.0242661 	 8.40114e+14 	 1.28218e-08 	 2.65009e-25 	 -1.23934 	 2.71089e-25 
0.0245471 	 8.55874e+14 	 1.27982e-08 	 2.61251e-25 	 -1.24183 	 2.67173e-25 
0.0248313 	 8.71787e+14 	 1.27743e-08 	 2.57538e-25 	 -1.24435 	 2.63306e-25 
0.0251189 	 8.87854e+14 	 1.27503e-08 	 2.53872e-25 	 -1.24688 	 2.59488e-25 
0.0254097 	 9.04076e+14 	 1.2726e-08 	 2.5025e-25 	 -1.24944 	 2.55718e-25 
0.025704 	 9.20454e+14 	 1.27016e-08 	 2.46672e-25 	 -1.25201 	 2.51996e-25 
0.0260016 	 9.3699e+14 	 1.26769e-08 	 2.43138e-25 	 -1.25461 	 2.48321e-25 
0.0263027 	 9.53685e+14 	 1.2652e-08 	 2.39648e-25 	 -1.25723 	 2.44692e-25 
0.0266073 	 9.7054e+14 	 1.26269e-08 	 2.36201e-25 	 -1.25988 	 2.41109e-25 
0.0269153 	 9.87557e+14 	 1.26016e-08 	 2.32796e-25 	 -1.26254 	 2.37572e-25 
0.027227 	 1.00474e+15 	 1.2576e-08 	 2.29433e-25 	 -1.26522 	 2.3408e-25 
0.0275423 	 1.02208e+15 	 1.25503e-08 	 2.26112e-25 	 -1.26793 	 2.30632e-25 
0.0278612 	 1.03958e+15 	 1.25243e-08 	 2.22832e-25 	 -1.27066 	 2.27228e-25 
0.0281838 	 1.05726e+15 	 1.24981e-08 	 2.19592e-25 	 -1.27341 	 2.23867e-25 
0.0285102 	 1.0751e+15 	 1.24717e-08 	 2.16393e-25 	 -1.27619 	 2.2055e-25 
0.0288403 	 1.0931e+15 	 1.24451e-08 	 2.13233e-25 	 -1.27898 	 2.17275e-25 
0.0291743 	 1.11128e+15 	 1.24182e-08 	 2.10113e-25 	 -1.2818 	 2.14041e-25 
0.0295121 	 1.12963e+15 	 1.23912e-08 	 2.07032e-25 	 -1.28464 	 2.1085e-25 
0.0298538 	 1.14815e+15 	 1.23639e-08 	 2.03989e-25 	 -1.28751 	 2.07699e-25 
0.0301995 	 1.16684e+15 	 1.23364e-08 	 2.00984e-25 	 -1.29039 	 2.04589e-25 
0.0305492 	 1.18571e+15 	 1.23087e-08 	 1.98017e-25 	 -1.2933 	 2.01518e-25 
0.030903 	 1.20475e+15 	 1.22807e-08 	 1.95088e-25 	 -1.29623 	 1.98488e-25 
0.0312608 	 1.22397e+15 	 1.22526e-08 	 1.92195e-25 	 -1.29919 	 1.95496e-25 
0.0316228 	 1.24337e+15 	 1.22242e-08 	 1.89338e-25 	 -1.30216 	 1.92544e-25 
0.031989 	 1.26294e+15 	 1.21956e-08 	 1.86518e-25 	 -1.30516 	 1.89629e-25 
0.0323594 	 1.2827e+15 	 1.21667e-08 	 1.83733e-25 	 -1.30818 	 1.86752e-25 
0.0327341 	 1.30263e+15 	 1.21377e-08 	 1.80983e-25 	 -1.31123 	 1.83913e-25 
0.0331131 	 1.32275e+15 	 1.21084e-08 	 1.78268e-25 	 -1.3143 	 1.81111e-25 
0.0334965 	 1.34306e+15 	 1.20789e-08 	 1.75588e-25 	 -1.31739 	 1.78345e-25 
0.0338844 	 1.36354e+15 	 1.20491e-08 	 1.72942e-25 	 -1.3205 	 1.75615e-25 
0.0342768 	 1.38422e+15 	 1.20192e-08 	 1.7033e-25 	 -1.32364 	 1.72921e-25 
0.0346737 	 1.40508e+15 	 1.1989e-08 	 1.67751e-25 	 -1.32679 	 1.70263e-25 
0.0350752 	 1.42613e+15 	 1.19585e-08 	 1.65205e-25 	 -1.32998 	 1.67639e-25 
0.0354813 	 1.44737e+15 	 1.19279e-08 	 1.62692e-25 	 -1.33318 	 1.65049e-25 
0.0358922 	 1.4688e+15 	 1.1897e-08 	 1.60211e-25 	 -1.33641 	 1.62494e-25 
0.0363078 	 1.49042e+15 	 1.18659e-08 	 1.57762e-25 	 -1.33966 	 1.59973e-25 
0.0367282 	 1.51223e+15 	 1.18346e-08 	 1.55344e-25 	 -1.34293 	 1.57485e-25 
0.0371535 	 1.53424e+15 	 1.1803e-08 	 1.52958e-25 	 -1.34623 	 1.55029e-25 
0.0375837 	 1.55644e+15 	 1.17713e-08 	 1.50603e-25 	 -1.34955 	 1.52607e-25 
0.0380189 	 1.57884e+15 	 1.17392e-08 	 1.48278e-25 	 -1.35289 	 1.50216e-25 
0.0384592 	 1.60144e+15 	 1.1707e-08 	 1.45984e-25 	 -1.35625 	 1.47858e-25 
0.0389045 	 1.62423e+15 	 1.16745e-08 	 1.43719e-25 	 -1.35964 	 1.45531e-25 
0.039355 	 1.64723e+15 	 1.16418e-08 	 1.41484e-25 	 -1.36305 	 1.43235e-25 
0.0398107 	 1.67042e+15 	 1.16089e-08 	 1.39279e-25 	 -1.36648 	 1.40969e-25 
0.0402717 	 1.69382e+15 	 1.15758e-08 	 1.37102e-25 	 -1.36994 	 1.38735e-25 
0.040738 	 1.71742e+15 	 1.15424e-08 	 1.34954e-25 	 -1.37342 	 1.3653e-25 
0.0412098 	 1.74123e+15 	 1.15088e-08 	 1.32834e-25 	 -1.37692 	 1.34355e-25 
0.0416869 	 1.76524e+15 	 1.14749e-08 	 1.30742e-25 	 -1.38044 	 1.32209e-25 
0.0421697 	 1.78945e+15 	 1.14409e-08 	 1.28678e-25 	 -1.38398 	 1.30092e-25 
0.042658 	 1.81388e+15 	 1.14066e-08 	 1.26642e-25 	 -1.38755 	 1.28004e-25 
0.0431519 	 1.83851e+15 	 1.13721e-08 	 1.24632e-25 	 -1.39114 	 1.25945e-25 
0.0436516 	 1.86335e+15 	 1.13373e-08 	 1.22649e-25 	 -1.39475 	 1.23913e-25 
0.044157 	 1.8884e+15 	 1.13024e-08 	 1.20693e-25 	 -1.39838 	 1.21909e-25 
0.0446684 	 1.91366e+15 	 1.12672e-08 	 1.18763e-25 	 -1.40204 	 1.19933e-25 
0.0451856 	 1.93914e+15 	 1.12318e-08 	 1.16859e-25 	 -1.40571 	 1.17984e-25 
0.0457088 	 1.96483e+15 	 1.11961e-08 	 1.14981e-25 	 -1.40941 	 1.16061e-25 
0.0462381 	 1.99073e+15 	 1.11603e-08 	 1.13128e-25 	 -1.41313 	 1.14165e-25 
0.0467735 	 2.01685e+15 	 1.11242e-08 	 1.113e-25 	 -1.41687 	 1.12295e-25 
0.0473151 	 2.04319e+15 	 1.10879e-08 	 1.09497e-25 	 -1.42063 	 1.10451e-25 
0.047863 	 2.06975e+15 	 1.10514e-08 	 1.07718e-25 	 -1.42441 	 1.08633e-25 
0.0484172 	 2.09652e+15 	 1.10146e-08 	 1.05964e-25 	 -1.42821 	 1.06839e-25 
0.0489779 	 2.12351e+15 	 1.09776e-08 	 1.04233e-25 	 -1.43203 	 1.05071e-25 
0.049545 	 2.15072e+15 	 1.09404e-08 	 1.02527e-25 	 -1.43588 	 1.03328e-25 
0.0501187 	 2.17816e+15 	 1.0903e-08 	 1.00844e-25 	 -1.43974 	 1.01609e-25 
0.0506991 	 2.20581e+15 	 1.08654e-08 	 9.91837e-26 	 -1.44362 	 9.99136e-26 
0.0512861 	 2.23369e+15 	 1.08276e-08 	 9.75467e-26 	 -1.44752 	 9.82425e-26 
0.05188 	 2.2618e+15 	 1.07895e-08 	 9.59324e-26 	 -1.45144 	 9.65949e-26 
0.0524807 	 2.29013e+15 	 1.07513e-08 	 9.43406e-26 	 -1.45538 	 9.49707e-26 
0.0530884 	 2.31868e+15 	 1.07128e-08 	 9.2771e-26 	 -1.45934 	 9.33694e-26 
0.0537032 	 2.34746e+15 	 1.06741e-08 	 9.12233e-26 	 -1.46331 	 9.17909e-26 
0.054325 	 2.37647e+15 	 1.06352e-08 	 8.96973e-26 	 -1.4673 	 9.0235e-26 
0.0549541 	 2.40571e+15 	 1.05961e-08 	 8.81928e-26 	 -1.47132 	 8.87012e-26 
0.0555904 	 2.43518e+15 	 1.05567e-08 	 8.67095e-26 	 -1.47534 	 8.71894e-26 
0.0562341 	 2.46488e+15 	 1.05172e-08 	 8.52472e-26 	 -1.47939 	 8.56993e-26 
0.0568853 	 2.4948e+15 	 1.04775e-08 	 8.38057e-26 	 -1.48345 	 8.42307e-26 
0.057544 	 2.52496e+15 	 1.04375e-08 	 8.23846e-26 	 -1.48753 	 8.27833e-26 
0.0582103 	 2.55536e+15 	 1.03974e-08 	 8.09839e-26 	 -1.49162 	 8.13568e-26 
0.0588844 	 2.58598e+15 	 1.03571e-08 	 7.96032e-26 	 -1.49573 	 7.99511e-26 
0.0595662 	 2.61684e+15 	 1.03165e-08 	 7.82423e-26 	 -1.49985 	 7.85658e-26 
0.060256 	 2.64794e+15 	 1.02758e-08 	 7.69011e-26 	 -1.50399 	 7.72007e-26 
0.0609537 	 2.67926e+15 	 1.02348e-08 	 7.55792e-26 	 -1.50814 	 7.58557e-26 
0.0616595 	 2.71083e+15 	 1.01937e-08 	 7.42765e-26 	 -1.51231 	 7.45304e-26 
0.0623735 	 2.74263e+15 	 1.01524e-08 	 7.29928e-26 	 -1.51649 	 7.32245e-26 
0.0630957 	 2.77467e+15 	 1.01109e-08 	 7.17278e-26 	 -1.52068 	 7.1938e-26 
0.0638263 	 2.80695e+15 	 1.00692e-08 	 7.04813e-26 	 -1.52488 	 7.06705e-26 
0.0645654 	 2.83946e+15 	 1.00273e-08 	 6.92531e-26 	 -1.5291 	 6.94219e-26 
0.0653131 	 2.87222e+15 	 9.98524e-09 	 6.8043e-26 	 -1.53332 	 6.81918e-26 
0.0660693 	 2.90521e+15 	 9.94299e-09 	 6.68508e-26 	 -1.53756 	 6.69802e-26 
0.0668344 	 2.93845e+15 	 9.90055e-09 	 6.56763e-26 	 -1.54181 	 6.57867e-26 
0.0676083 	 2.97192e+15 	 9.85795e-09 	 6.45192e-26 	 -1.54606 	 6.46111e-26 
0.0683912 	 3.00564e+15 	 9.81516e-09 	 6.33795e-26 	 -1.55032 	 6.34532e-26 
0.0691831 	 3.0396e+15 	 9.77221e-09 	 6.22568e-26 	 -1.5546 	 6.23129e-26 
0.0699842 	 3.0738e+15 	 9.72908e-09 	 6.1151e-26 	 -1.55887 	 6.11898e-26 
0.0707946 	 3.10824e+15 	 9.68578e-09 	 6.00618e-26 	 -1.56316 	 6.00838e-26 
0.0716143 	 3.14293e+15 	 9.64232e-09 	 5.89892e-26 	 -1.56745 	 5.89947e-26 
0.0724436 	 3.17786e+15 	 9.5987e-09 	 5.79328e-26 	 -1.57175 	 5.79223e-26 
0.0732825 	 3.21303e+15 	 9.55491e-09 	 5.68926e-26 	 -1.57605 	 5.68663e-26 
0.074131 	 3.24845e+15 	 9.51097e-09 	 5.58683e-26 	 -1.58035 	 5.58266e-26 
0.0749894 	 3.28411e+15 	 9.46687e-09 	 5.48596e-26 	 -1.58466 	 5.4803e-26 
0.0758578 	 3.32002e+15 	 9.42261e-09 	 5.38666e-26 	 -1.58897 	 5.37952e-26 
0.0767361 	 3.35617e+15 	 9.37821e-09 	 5.28889e-26 	 -1.59328 	 5.28032e-26 
0.0776247 	 3.39257e+15 	 9.33366e-09 	 5.19263e-26 	 -1.59759 	 5.18265e-26 
0.0785236 	 3.42922e+15 	 9.28897e-09 	 5.09787e-26 	 -1.6019 	 5.08652e-26 
0.0794328 	 3.46611e+15 	 9.24413e-09 	 5.0046e-26 	 -1.60621 	 4.9919e-26 
0.0803526 	 3.50325e+15 	 9.19916e-09 	 4.91279e-26 	 -1.61051 	 4.89876e-26 
0.0812831 	 3.54063e+15 	 9.15405e-09 	 4.82242e-26 	 -1.61482 	 4.8071e-26 
0.0822243 	 3.57826e+15 	 9.10881e-09 	 4.73348e-26 	 -1.61912 	 4.71689e-26 
0.0831764 	 3.61614e+15 	 9.06344e-09 	 4.64595e-26 	 -1.62341 	 4.62812e-26 
0.0841395 	 3.65426e+15 	 9.01795e-09 	 4.55982e-26 	 -1.6277 	 4.54076e-26 
0.0851138 	 3.69263e+15 	 8.97233e-09 	 4.47506e-26 	 -1.63199 	 4.45481e-26 
0.0860994 	 3.73125e+15 	 8.92659e-09 	 4.39166e-26 	 -1.63626 	 4.37023e-26 
0.0870964 	 3.77012e+15 	 8.88074e-09 	 4.3096e-26 	 -1.64053 	 4.28702e-26 
0.0881049 	 3.80923e+15 	 8.83478e-09 	 4.22887e-26 	 -1.64479 	 4.20515e-26 
0.0891251 	 3.84859e+15 	 8.7887e-09 	 4.14945e-26 	 -1.64903 	 4.12461e-26 
0.0901571 	 3.8882e+15 	 8.74252e-09 	 4.07132e-26 	 -1.65327 	 4.04538e-26 
0.0912011 	 3.92806e+15 	 8.69624e-09 	 3.99447e-26 	 -1.65749 	 3.96745e-26 
0.0922571 	 3.96816e+15 	 8.64987e-09 	 3.91888e-26 	 -1.6617 	 3.8908e-26 
0.0933254 	 4.00851e+15 	 8.60339e-09 	 3.84453e-26 	 -1.66589 	 3.8154e-26 
0.0944061 	 4.04911e+15 	 8.55683e-09 	 3.77141e-26 	 -1.67007 	 3.74125e-26 
0.0954993 	 4.08995e+15 	 8.51018e-09 	 3.69951e-26 	 -1.67423 	 3.66833e-26 
0.0966051 	 4.13104e+15 	 8.46344e-09 	 3.6288e-26 	 -1.67837 	 3.59663e-26 
0.0977237 	 4.17238e+15 	 8.41663e-09 	 3.55927e-26 	 -1.6825 	 3.52611e-26 
0.0988553 	 4.21396e+15 	 8.36974e-09 	 3.49092e-26 	 -1.6866 	 3.45678e-26 
0.1 	 4.25579e+15 	 8.32277e-09 	 3.42371e-26 	 -1.69068 	 3.38861e-26 
0.101158 	 4.29787e+15 	 8.27574e-09 	 3.35764e-26 	 -1.69474 	 3.32159e-26 
0.102329 	 4.34019e+15 	 8.22865e-09 	 3.29269e-26 	 -1.69878 	 3.25571e-26 
0.103514 	 4.38276e+15 	 8.18149e-09 	 3.22885e-26 	 -1.70279 	 3.19094e-26 
0.104713 	 4.42557e+15 	 8.13428e-09 	 3.1661e-26 	 -1.70678 	 3.12728e-26 
0.105925 	 4.46863e+15 	 8.08702e-09 	 3.10443e-26 	 -1.71074 	 3.0647e-26 
0.107152 	 4.51193e+15 	 8.03971e-09 	 3.04382e-26 	 -1.71467 	 3.0032e-26 
0.108393 	 4.55548e+15 	 7.99235e-09 	 2.98426e-26 	 -1.71858 	 2.94276e-26 
0.109648 	 4.59927e+15 	 7.94496e-09 	 2.92573e-26 	 -1.72245 	 2.88336e-26 
0.110917 	 4.64331e+15 	 7.89753e-09 	 2.86823e-26 	 -1.7263 	 2.82499e-26 
0.112202 	 4.68758e+15 	 7.85007e-09 	 2.81173e-26 	 -1.73011 	 2.76764e-26 
0.113501 	 4.7321e+15 	 7.80258e-09 	 2.75622e-26 	 -1.73389 	 2.71129e-26 
0.114815 	 4.77687e+15 	 7.75507e-09 	 2.70169e-26 	 -1.73764 	 2.65592e-26 
0.116145 	 4.82187e+15 	 7.70754e-09 	 2.64813e-26 	 -1.74135 	 2.60153e-26 
0.11749 	 4.86712e+15 	 7.65999e-09 	 2.59552e-26 	 -1.74502 	 2.5481e-26 
0.11885 	 4.9126e+15 	 7.61244e-09 	 2.54385e-26 	 -1.74866 	 2.49562e-26 
0.120226 	 4.95833e+15 	 7.56488e-09 	 2.4931e-26 	 -1.75226 	 2.44406e-26 
0.121619 	 5.00429e+15 	 7.51731e-09 	 2.44326e-26 	 -1.75583 	 2.39343e-26 
0.123027 	 5.0505e+15 	 7.46975e-09 	 2.39433e-26 	 -1.75935 	 2.34371e-26 
0.124451 	 5.09694e+15 	 7.4222e-09 	 2.34628e-26 	 -1.76284 	 2.29488e-26 
0.125893 	 5.14362e+15 	 7.37466e-09 	 2.2991e-26 	 -1.76628 	 2.24692e-26 
0.12735 	 5.19054e+15 	 7.32714e-09 	 2.25278e-26 	 -1.76968 	 2.19984e-26 
0.128825 	 5.23769e+15 	 7.27963e-09 	 2.20731e-26 	 -1.77304 	 2.15361e-26 
0.130317 	 5.28508e+15 	 7.23215e-09 	 2.16267e-26 	 -1.77636 	 2.10823e-26 
0.131826 	 5.33271e+15 	 7.1847e-09 	 2.11886e-26 	 -1.77964 	 2.06367e-26 
0.133352 	 5.38057e+15 	 7.13728e-09 	 2.07585e-26 	 -1.78287 	 2.01994e-26 
0.134896 	 5.42866e+15 	 7.0899e-09 	 2.03365e-26 	 -1.78606 	 1.977e-26 
0.136458 	 5.47699e+15 	 7.04256e-09 	 1.99222e-26 	 -1.7892 	 1.93487e-26 
0.138038 	 5.52555e+15 	 6.99526e-09 	 1.95158e-26 	 -1.7923 	 1.89351e-26 
0.139637 	 5.57434e+15 	 6.94802e-09 	 1.91169e-26 	 -1.79535 	 1.85293e-26 
0.141254 	 5.62336e+15 	 6.90083e-09 	 1.87256e-26 	 -1.79836 	 1.8131e-26 
0.142889 	 5.67261e+15 	 6.8537e-09 	 1.83416e-26 	 -1.80133 	 1.77402e-26 
0.144544 	 5.72209e+15 	 6.80663e-09 	 1.79649e-26 	 -1.80425 	 1.73568e-26 
0.146218 	 5.7718e+15 	 6.75964e-09 	 1.75953e-26 	 -1.80712 	 1.69806e-26 
0.147911 	 5.82174e+15 	 6.71271e-09 	 1.72328e-26 	 -1.80995 	 1.66115e-26 
0.149624 	 5.8719e+15 	 6.66585e-09 	 1.68772e-26 	 -1.81273 	 1.62495e-26 
0.151356 	 5.92229e+15 	 6.61908e-09 	 1.65284e-26 	 -1.81547 	 1.58944e-26 
0.153109 	 5.9729e+15 	 6.57239e-09 	 1.61864e-26 	 -1.81817 	 1.55461e-26 
0.154882 	 6.02374e+15 	 6.52579e-09 	 1.58509e-26 	 -1.82082 	 1.52045e-26 
0.156675 	 6.0748e+15 	 6.47928e-09 	 1.55219e-26 	 -1.82343 	 1.48695e-26 
0.158489 	 6.12608e+15 	 6.43287e-09 	 1.51993e-26 	 -1.82599 	 1.45409e-26 
0.160325 	 6.17758e+15 	 6.38656e-09 	 1.48829e-26 	 -1.82852 	 1.42188e-26 
0.162181 	 6.2293e+15 	 6.34035e-09 	 1.45727e-26 	 -1.831 	 1.39029e-26 
0.164059 	 6.28125e+15 	 6.29424e-09 	 1.42686e-26 	 -1.83345 	 1.35933e-26 
0.165959 	 6.33341e+15 	 6.24825e-09 	 1.39704e-26 	 -1.83585 	 1.32897e-26 
0.16788 	 6.38579e+15 	 6.20238e-09 	 1.36781e-26 	 -1.83822 	 1.29921e-26 
0.169824 	 6.43838e+15 	 6.15662e-09 	 1.33916e-26 	 -1.84055 	 1.27004e-26 
0.171791 	 6.4912e+15 	 6.11099e-09 	 1.31107e-26 	 -1.84285 	 1.24145e-26 
0.17378 	 6.54422e+15 	 6.06548e-09 	 1.28353e-26 	 -1.84511 	 1.21343e-26 
0.175792 	 6.59746e+15 	 6.0201e-09 	 1.25654e-26 	 -1.84735 	 1.18597e-26 
0.177828 	 6.65091e+15 	 5.97486e-09 	 1.23009e-26 	 -1.84955 	 1.15906e-26 
0.179887 	 6.70458e+15 	 5.92975e-09 	 1.20417e-26 	 -1.85173 	 1.13269e-26 
0.18197 	 6.75845e+15 	 5.88478e-09 	 1.17876e-26 	 -1.85388 	 1.10686e-26 
0.184077 	 6.81254e+15 	 5.83995e-09 	 1.15386e-26 	 -1.856 	 1.08154e-26 
0.186209 	 6.86683e+15 	 5.79527e-09 	 1.12946e-26 	 -1.85811 	 1.05675e-26 
0.188365 	 6.92133e+15 	 5.75074e-09 	 1.10554e-26 	 -1.86019 	 1.03246e-26 
0.190546 	 6.97604e+15 	 5.70636e-09 	 1.08211e-26 	 -1.86226 	 1.00867e-26 
0.192752 	 7.03095e+15 	 5.66214e-09 	 1.05915e-26 	 -1.86432 	 9.85365e-27 
0.194984 	 7.08606e+15 	 5.61808e-09 	 1.03665e-26 	 -1.86636 	 9.62543e-27 
0.197242 	 7.14138e+15 	 5.57418e-09 	 1.01461e-26 	 -1.8684 	 9.40193e-27 
0.199526 	 7.19691e+15 	 5.53044e-09 	 9.93014e-27 	 -1.87043 	 9.18308e-27 
0.201837 	 7.25263e+15 	 5.48687e-09 	 9.71854e-27 	 -1.87246 	 8.96879e-27 
0.204174 	 7.30856e+15 	 5.44346e-09 	 9.51122e-27 	 -1.87448 	 8.75899e-27 
0.206538 	 7.36468e+15 	 5.40023e-09 	 9.30812e-27 	 -1.87652 	 8.55358e-27 
0.20893 	 7.421e+15 	 5.35717e-09 	 9.10913e-27 	 -1.87856 	 8.3525e-27 
0.211349 	 7.47752e+15 	 5.31429e-09 	 8.91419e-27 	 -1.88061 	 8.15567e-27 
0.213796 	 7.53423e+15 	 5.27159e-09 	 8.72322e-27 	 -1.88267 	 7.96301e-27 
0.216272 	 7.59114e+15 	 5.22907e-09 	 8.53614e-27 	 -1.88476 	 7.77445e-27 
0.218776 	 7.64824e+15 	 5.18673e-09 	 8.35287e-27 	 -1.88687 	 7.58991e-27 
0.221309 	 7.70554e+15 	 5.14457e-09 	 8.17333e-27 	 -1.889 	 7.40932e-27 
0.223872 	 7.76303e+15 	 5.10261e-09 	 7.99746e-27 	 -1.89116 	 7.23261e-27 
0.226464 	 7.8207e+15 	 5.06083e-09 	 7.82518e-27 	 -1.89336 	 7.0597e-27 
0.229087 	 7.87857e+15 	 5.01924e-09 	 7.65642e-27 	 -1.89559 	 6.89054e-27 
0.231739 	 7.93663e+15 	 4.97784e-09 	 7.4911e-27 	 -1.89787 	 6.72504e-27 
0.234423 	 7.99487e+15 	 4.93663e-09 	 7.32916e-27 	 -1.90019 	 6.56314e-27 
0.237137 	 8.0533e+15 	 4.89562e-09 	 7.17052e-27 	 -1.90257 	 6.40478e-27 
0.239883 	 8.11191e+15 	 4.85481e-09 	 7.01513e-27 	 -1.905 	 6.24988e-27 
0.242661 	 8.1707e+15 	 4.81419e-09 	 6.86292e-27 	 -1.90748 	 6.09839e-27 
0.245471 	 8.22968e+15 	 4.77377e-09 	 6.71381e-27 	 -1.91004 	 5.95023e-27 
0.248313 	 8.28884e+15 	 4.73355e-09 	 6.56775e-27 	 -1.91266 	 5.80535e-27 
0.251189 	 8.34818e+15 	 4.69353e-09 	 6.42467e-27 	 -1.91535 	 5.66369e-27 
0.254097 	 8.4077e+15 	 4.65371e-09 	 6.28451e-27 	 -1.91813 	 5.52517e-27 
0.25704 	 8.46739e+15 	 4.6141e-09 	 6.14721e-27 	 -1.92098 	 5.38974e-27 
0.260016 	 8.52727e+15 	 4.57468e-09 	 6.01271e-27 	 -1.92393 	 5.25735e-27 
0.263027 	 8.58731e+15 	 4.53547e-09 	 5.88096e-27 	 -1.92696 	 5.12792e-27 
0.266073 	 8.64753e+15 	 4.49646e-09 	 5.75188e-27 	 -1.93009 	 5.00141e-27 
0.269153 	 8.70793e+15 	 4.45766e-09 	 5.62544e-27 	 -1.93332 	 4.87776e-27 
0.27227 	 8.76849e+15 	 4.41906e-09 	 5.50157e-27 	 -1.93666 	 4.75691e-27 
0.275423 	 8.82922e+15 	 4.38066e-09 	 5.38022e-27 	 -1.9401 	 4.63881e-27 
0.278612 	 8.89013e+15 	 4.34247e-09 	 5.26133e-27 	 -1.94367 	 4.52339e-27 
0.281838 	 8.9512e+15 	 4.30448e-09 	 5.14486e-27 	 -1.94735 	 4.41061e-27 
0.285102 	 9.01243e+15 	 4.2667e-09 	 5.03076e-27 	 -1.95115 	 4.30042e-27 
0.288403 	 9.07383e+15 	 4.22912e-09 	 4.91896e-27 	 -1.95508 	 4.19276e-27 
0.291743 	 9.1354e+15 	 4.19175e-09 	 4.80943e-27 	 -1.95915 	 4.08759e-27 
0.295121 	 9.19712e+15 	 4.15458e-09 	 4.70212e-27 	 -1.96335 	 3.98484e-27 
0.298538 	 9.25901e+15 	 4.11761e-09 	 4.59697e-27 	 -1.96769 	 3.88448e-27 
0.301995 	 9.32105e+15 	 4.08085e-09 	 4.49396e-27 	 -1.97218 	 3.78645e-27 
0.305492 	 9.38325e+15 	 4.04429e-09 	 4.39302e-27 	 -1.97681 	 3.69071e-27 
0.30903 	 9.44561e+15 	 4.00793e-09 	 4.29411e-27 	 -1.9816 	 3.59721e-27 
0.312608 	 9.50812e+15 	 3.97177e-09 	 4.1972e-27 	 -1.98655 	 3.5059e-27 
0.316228 	 9.57078e+15 	 3.93582e-09 	 4.10224e-27 	 -1.99165 	 3.41673e-27 
0.31989 	 9.63359e+15 	 3.90006e-09 	 4.0092e-27 	 -1.99693 	 3.32967e-27 
0.323594 	 9.69655e+15 	 3.86451e-09 	 3.91802e-27 	 -2.00237 	 3.24466e-27 
0.327341 	 9.75966e+15 	 3.82915e-09 	 3.82867e-27 	 -2.00798 	 3.16168e-27 
0.331131 	 9.82292e+15 	 3.79399e-09 	 3.74112e-27 	 -2.01377 	 3.08066e-27 
0.334965 	 9.88632e+15 	 3.75903e-09 	 3.65532e-27 	 -2.01974 	 3.00157e-27 
0.338844 	 9.94986e+15 	 3.72426e-09 	 3.57125e-27 	 -2.02588 	 2.92437e-27 
0.342768 	 1.00135e+16 	 3.68969e-09 	 3.48886e-27 	 -2.03222 	 2.84903e-27 
0.346737 	 1.00774e+16 	 3.65532e-09 	 3.40812e-27 	 -2.03874 	 2.77549e-27 
0.350752 	 1.01413e+16 	 3.62113e-09 	 3.32899e-27 	 -2.04545 	 2.70372e-27 
0.354813 	 1.02054e+16 	 3.58714e-09 	 3.25145e-27 	 -2.05235 	 2.63368e-27 
0.358922 	 1.02696e+16 	 3.55334e-09 	 3.17546e-27 	 -2.05945 	 2.56534e-27 
0.363078 	 1.0334e+16 	 3.51972e-09 	 3.101e-27 	 -2.06675 	 2.49866e-27 
0.367282 	 1.03985e+16 	 3.4863e-09 	 3.02802e-27 	 -2.07425 	 2.43359e-27 
0.371535 	 1.04631e+16 	 3.45306e-09 	 2.9565e-27 	 -2.08195 	 2.37012e-27 
0.375837 	 1.05278e+16 	 3.42001e-09 	 2.88642e-27 	 -2.08986 	 2.30819e-27 
0.380189 	 1.05927e+16 	 3.38714e-09 	 2.81774e-27 	 -2.09797 	 2.24778e-27 
0.384592 	 1.06576e+16 	 3.35445e-09 	 2.75043e-27 	 -2.10628 	 2.18885e-27 
0.389045 	 1.07227e+16 	 3.32195e-09 	 2.68447e-27 	 -2.11481 	 2.13137e-27 
0.39355 	 1.07879e+16 	 3.28963e-09 	 2.61984e-27 	 -2.12355 	 2.07531e-27 
0.398107 	 1.08532e+16 	 3.25749e-09 	 2.55651e-27 	 -2.1325 	 2.02064e-27 
0.402717 	 1.09187e+16 	 3.22552e-09 	 2.49444e-27 	 -2.14166 	 1.96731e-27 
0.40738 	 1.09842e+16 	 3.19373e-09 	 2.43363e-27 	 -2.15103 	 1.91532e-27 
0.412098 	 1.10498e+16 	 3.16212e-09 	 2.37404e-27 	 -2.16062 	 1.86461e-27 
0.416869 	 1.11156e+16 	 3.13068e-09 	 2.31566e-27 	 -2.17042 	 1.81517e-27 
0.421697 	 1.11814e+16 	 3.09942e-09 	 2.25845e-27 	 -2.18044 	 1.76696e-27 
0.42658 	 1.12473e+16 	 3.06832e-09 	 2.20241e-27 	 -2.19067 	 1.71996e-27 
0.431519 	 1.13134e+16 	 3.0374e-09 	 2.1475e-27 	 -2.20112 	 1.67413e-27 
0.436516 	 1.13795e+16 	 3.00665e-09 	 2.0937e-27 	 -2.21178 	 1.62946e-27 
0.44157 	 1.14457e+16 	 2.97606e-09 	 2.04101e-27 	 -2.22266 	 1.58591e-27 
0.446684 	 1.1512e+16 	 2.94564e-09 	 1.98939e-27 	 -2.23375 	 1.54346e-27 
0.451856 	 1.15783e+16 	 2.91539e-09 	 1.93883e-27 	 -2.24505 	 1.50208e-27 
0.457088 	 1.16448e+16 	 2.8853e-09 	 1.88931e-27 	 -2.25656 	 1.46175e-27 
0.462381 	 1.17113e+16 	 2.85538e-09 	 1.8408e-27 	 -2.26829 	 1.42244e-27 
0.467735 	 1.17779e+16 	 2.82562e-09 	 1.79331e-27 	 -2.28023 	 1.38412e-27 
0.473151 	 1.18445e+16 	 2.79602e-09 	 1.74679e-27 	 -2.29238 	 1.34679e-27 
0.47863 	 1.19112e+16 	 2.76658e-09 	 1.70125e-27 	 -2.30473 	 1.3104e-27 
0.484172 	 1.1978e+16 	 2.7373e-09 	 1.65666e-27 	 -2.31729 	 1.27494e-27 
0.489779 	 1.20448e+16 	 2.70819e-09 	 1.613e-27 	 -2.33006 	 1.24038e-27 
0.49545 	 1.21117e+16 	 2.67923e-09 	 1.57027e-27 	 -2.34302 	 1.20671e-27 
0.501187 	 1.21787e+16 	 2.65042e-09 	 1.52843e-27 	 -2.35619 	 1.1739e-27 
0.506991 	 1.22457e+16 	 2.62178e-09 	 1.48749e-27 	 -2.36956 	 1.14194e-27 
0.512861 	 1.23127e+16 	 2.59329e-09 	 1.44743e-27 	 -2.38312 	 1.11079e-27 
0.5188 	 1.23797e+16 	 2.56496e-09 	 1.40822e-27 	 -2.39687 	 1.08044e-27 
0.524807 	 1.24468e+16 	 2.53678e-09 	 1.36986e-27 	 -2.41082 	 1.05087e-27 
0.530884 	 1.2514e+16 	 2.50875e-09 	 1.33233e-27 	 -2.42495 	 1.02207e-27 
0.537032 	 1.25811e+16 	 2.48088e-09 	 1.29562e-27 	 -2.43927 	 9.94006e-28 
0.54325 	 1.26483e+16 	 2.45317e-09 	 1.25972e-27 	 -2.45377 	 9.66666e-28 
0.549541 	 1.27155e+16 	 2.42561e-09 	 1.22461e-27 	 -2.46845 	 9.40032e-28 
0.555904 	 1.27826e+16 	 2.3982e-09 	 1.19027e-27 	 -2.4833 	 9.14085e-28 
0.562341 	 1.28499e+16 	 2.37094e-09 	 1.15671e-27 	 -2.49832 	 8.88809e-28 
0.568853 	 1.29171e+16 	 2.34384e-09 	 1.12389e-27 	 -2.51351 	 8.64187e-28 
0.57544 	 1.29843e+16 	 2.31689e-09 	 1.09182e-27 	 -2.52886 	 8.402e-28 
0.582103 	 1.30515e+16 	 2.29009e-09 	 1.06048e-27 	 -2.54437 	 8.16835e-28 
0.588844 	 1.31187e+16 	 2.26345e-09 	 1.02985e-27 	 -2.56004 	 7.94073e-28 
0.595662 	 1.31858e+16 	 2.23696e-09 	 9.99936e-28 	 -2.57585 	 7.719e-28 
0.60256 	 1.3253e+16 	 2.21062e-09 	 9.70712e-28 	 -2.59181 	 7.50301e-28 
0.609537 	 1.33201e+16 	 2.18444e-09 	 9.42172e-28 	 -2.60791 	 7.2926e-28 
0.616595 	 1.33872e+16 	 2.1584e-09 	 9.14303e-28 	 -2.62414 	 7.08764e-28 
0.623735 	 1.34543e+16 	 2.13253e-09 	 8.87095e-28 	 -2.6405 	 6.88797e-28 
0.630957 	 1.35213e+16 	 2.1068e-09 	 8.60537e-28 	 -2.65699 	 6.69345e-28 
0.638263 	 1.35883e+16 	 2.08123e-09 	 8.34619e-28 	 -2.67359 	 6.50396e-28 
0.645654 	 1.36552e+16 	 2.05582e-09 	 8.09329e-28 	 -2.6903 	 6.31935e-28 
0.653131 	 1.37221e+16 	 2.03056e-09 	 7.84657e-28 	 -2.70712 	 6.13949e-28 
0.660693 	 1.37889e+16 	 2.00545e-09 	 7.60592e-28 	 -2.72404 	 5.96427e-28 
0.668344 	 1.38557e+16 	 1.98051e-09 	 7.37125e-28 	 -2.74105 	 5.79355e-28 
0.676083 	 1.39224e+16 	 1.95571e-09 	 7.14245e-28 	 -2.75814 	 5.62721e-28 
0.683912 	 1.3989e+16 	 1.93108e-09 	 6.91942e-28 	 -2.77531 	 5.46514e-28 
0.691831 	 1.40555e+16 	 1.90661e-09 	 6.70206e-28 	 -2.79255 	 5.30721e-28 
0.699842 	 1.4122e+16 	 1.88229e-09 	 6.49027e-28 	 -2.80985 	 5.15332e-28 
0.707946 	 1.41883e+16 	 1.85814e-09 	 6.28395e-28 	 -2.82721 	 5.00335e-28 
0.716143 	 1.42546e+16 	 1.83414e-09 	 6.08301e-28 	 -2.84461 	 4.8572e-28 
0.724436 	 1.43208e+16 	 1.81031e-09 	 5.88735e-28 	 -2.86205 	 4.71477e-28 
0.732825 	 1.43868e+16 	 1.78664e-09 	 5.69687e-28 	 -2.87951 	 4.57594e-28 
0.74131 	 1.44527e+16 	 1.76313e-09 	 5.51148e-28 	 -2.89699 	 4.44062e-28 
0.749894 	 1.45186e+16 	 1.73979e-09 	 5.33109e-28 	 -2.91448 	 4.30872e-28 
0.758578 	 1.45843e+16 	 1.71661e-09 	 5.1556e-28 	 -2.93197 	 4.18014e-28 
0.767361 	 1.46499e+16 	 1.6936e-09 	 4.98492e-28 	 -2.94944 	 4.05479e-28 
0.776247 	 1.47153e+16 	 1.67076e-09 	 4.81896e-28 	 -2.96689 	 3.93258e-28 
0.785236 	 1.47806e+16 	 1.64808e-09 	 4.65762e-28 	 -2.9843 	 3.81342e-28 
0.794328 	 1.48458e+16 	 1.62557e-09 	 4.50083e-28 	 -3.00167 	 3.69724e-28 
0.803526 	 1.49108e+16 	 1.60324e-09 	 4.34848e-28 	 -3.01897 	 3.58395e-28 
0.812831 	 1.49756e+16 	 1.58107e-09 	 4.20049e-28 	 -3.03621 	 3.47347e-28 
0.822243 	 1.50403e+16 	 1.55908e-09 	 4.05678e-28 	 -3.05336 	 3.36574e-28 
0.831764 	 1.51049e+16 	 1.53726e-09 	 3.91725e-28 	 -3.0704 	 3.26068e-28 
0.841395 	 1.51692e+16 	 1.51562e-09 	 3.78181e-28 	 -3.08734 	 3.15821e-28 
0.851138 	 1.52334e+16 	 1.49415e-09 	 3.65039e-28 	 -3.10414 	 3.05828e-28 
0.860994 	 1.52974e+16 	 1.47286e-09 	 3.5229e-28 	 -3.1208 	 2.96081e-28 
0.870964 	 1.53613e+16 	 1.45174e-09 	 3.39926e-28 	 -3.1373 	 2.86576e-28 
0.881049 	 1.54249e+16 	 1.43081e-09 	 3.27937e-28 	 -3.15363 	 2.77306e-28 
0.891251 	 1.54884e+16 	 1.41005e-09 	 3.16316e-28 	 -3.16975 	 2.68266e-28 
0.901571 	 1.55516e+16 	 1.38948e-09 	 3.05055e-28 	 -3.18567 	 2.5945e-28 
0.912011 	 1.56147e+16 	 1.36909e-09 	 2.94145e-28 	 -3.20136 	 2.50853e-28 
0.922571 	 1.56775e+16 	 1.34888e-09 	 2.83579e-28 	 -3.2168 	 2.42472e-28 
0.933254 	 1.57401e+16 	 1.32885e-09 	 2.73348e-28 	 -3.23197 	 2.34301e-28 
0.944061 	 1.58025e+16 	 1.30901e-09 	 2.63445e-28 	 -3.24685 	 2.26337e-28 
0.954993 	 1.58647e+16 	 1.28936e-09 	 2.53862e-28 	 -3.26142 	 2.18575e-28 
0.966051 	 1.59266e+16 	 1.26989e-09 	 2.44592e-28 	 -3.27566 	 2.11013e-28 
0.977237 	 1.59884e+16 	 1.25061e-09 	 2.35626e-28 	 -3.28955 	 2.03646e-28 
0.988553 	 1.60499e+16 	 1.23152e-09 	 2.26957e-28 	 -3.30306 	 1.96472e-28 
1 	 1.61111e+16 	 1.21262e-09 	 2.18578e-28 	 -3.31616 	 1.89488e-28 
1.01158 	 1.61721e+16 	 1.1939e-09 	 2.10481e-28 	 -3.32884 	 1.82692e-28 
1.02329 	 1.62329e+16 	 1.17538e-09 	 2.0266e-28 	 -3.34107 	 1.7608e-28 
1.03514 	 1.62934e+16 	 1.15705e-09 	 1.95107e-28 	 -3.35283 	 1.69651e-28 
1.04713 	 1.63536e+16 	 1.13891e-09 	 1.87814e-28 	 -3.36407 	 1.63403e-28 
1.05925 	 1.64136e+16 	 1.12097e-09 	 1.80776e-28 	 -3.37479 	 1.57333e-28 
1.07152 	 1.64733e+16 	 1.10322e-09 	 1.73985e-28 	 -3.38495 	 1.5144e-28 
1.08393 	 1.65328e+16 	 1.08566e-09 	 1.67434e-28 	 -3.39452 	 1.45722e-28 
1.09648 	 1.65919e+16 	 1.06829e-09 	 1.61118e-28 	 -3.40347 	 1.40177e-28 
1.10917 	 1.66508e+16 	 1.05112e-09 	 1.55028e-28 	 -3.41177 	 1.34804e-28 
1.12202 	 1.67095e+16 	 1.03415e-09 	 1.4916e-28 	 -3.4194 	 1.296e-28 
1.13501 	 1.67678e+16 	 1.01737e-09 	 1.43506e-28 	 -3.42632 	 1.24565e-28 
1.14815 	 1.68259e+16 	 1.00079e-09 	 1.3806e-28 	 -3.4325 	 1.19696e-28 
1.16145 	 1.68837e+16 	 9.84398e-10 	 1.32816e-28 	 -3.43791 	 1.14992e-28 
1.1749 	 1.69411e+16 	 9.68207e-10 	 1.27769e-28 	 -3.44251 	 1.1045e-28 
1.1885 	 1.69983e+16 	 9.52212e-10 	 1.22912e-28 	 -3.44628 	 1.06069e-28 
1.20226 	 1.70552e+16 	 9.36413e-10 	 1.18239e-28 	 -3.44918 	 1.01847e-28 
1.21619 	 1.71118e+16 	 9.2081e-10 	 1.13745e-28 	 -3.45119 	 9.77811e-29 
1.23027 	 1.71681e+16 	 9.05403e-10 	 1.09424e-28 	 -3.45226 	 9.3869e-29 
1.24451 	 1.72241e+16 	 8.90193e-10 	 1.0527e-28 	 -3.45236 	 9.01081e-29 
1.25893 	 1.72798e+16 	 8.75178e-10 	 1.01279e-28 	 -3.45148 	 8.64958e-29 
1.2735 	 1.73352e+16 	 8.60359e-10 	 9.74453e-29 	 -3.44957 	 8.30291e-29 
1.28825 	 1.73903e+16 	 8.45736e-10 	 9.37632e-29 	 -3.4466 	 7.97049e-29 
1.30317 	 1.7445e+16 	 8.31307e-10 	 9.02279e-29 	 -3.44255 	 7.65201e-29 
1.31826 	 1.74995e+16 	 8.17073e-10 	 8.68345e-29 	 -3.43739 	 7.34712e-29 
1.33352 	 1.75536e+16 	 8.03034e-10 	 8.35782e-29 	 -3.43109 	 7.05546e-29 
1.34896 	 1.76074e+16 	 7.89188e-10 	 8.04543e-29 	 -3.42362 	 6.77668e-29 
1.36458 	 1.7661e+16 	 7.75536e-10 	 7.74582e-29 	 -3.41497 	 6.5104e-29 
1.38038 	 1.77141e+16 	 7.62075e-10 	 7.45854e-29 	 -3.40511 	 6.25623e-29 
1.39637 	 1.7767e+16 	 7.48807e-10 	 7.18315e-29 	 -3.39402 	 6.01378e-29 
1.41254 	 1.78195e+16 	 7.3573e-10 	 6.91923e-29 	 -3.38168 	 5.78264e-29 
1.42889 	 1.78718e+16 	 7.22843e-10 	 6.66636e-29 	 -3.36809 	 5.56241e-29 
1.44544 	 1.79237e+16 	 7.10146e-10 	 6.42413e-29 	 -3.35322 	 5.35269e-29 
1.46218 	 1.79753e+16 	 6.97637e-10 	 6.19215e-29 	 -3.33708 	 5.15306e-29 
1.47911 	 1.80265e+16 	 6.85316e-10 	 5.97003e-29 	 -3.31965 	 4.96312e-29 
1.49624 	 1.80774e+16 	 6.73182e-10 	 5.7574e-29 	 -3.30093 	 4.78247e-29 
1.51356 	 1.81281e+16 	 6.61233e-10 	 5.5539e-29 	 -3.28093 	 4.61069e-29 
1.53109 	 1.81783e+16 	 6.49469e-10 	 5.35917e-29 	 -3.25965 	 4.44741e-29 
1.54882 	 1.82283e+16 	 6.37888e-10 	 5.17287e-29 	 -3.2371 	 4.29222e-29 
1.56675 	 1.82779e+16 	 6.2649e-10 	 4.99467e-29 	 -3.2133 	 4.14475e-29 
1.58489 	 1.83273e+16 	 6.15272e-10 	 4.82424e-29 	 -3.18826 	 4.00462e-29 
1.60325 	 1.83762e+16 	 6.04234e-10 	 4.66127e-29 	 -3.16202 	 3.87149e-29 
1.62181 	 1.84249e+16 	 5.93374e-10 	 4.50545e-29 	 -3.13459 	 3.74499e-29 
1.64059 	 1.84733e+16 	 5.82691e-10 	 4.35649e-29 	 -3.10601 	 3.62478e-29 
1.65959 	 1.85213e+16 	 5.72184e-10 	 4.21411e-29 	 -3.07632 	 3.51055e-29 
1.6788 	 1.8569e+16 	 5.61851e-10 	 4.07803e-29 	 -3.04556 	 3.40197e-29 
1.69824 	 1.86164e+16 	 5.5169e-10 	 3.94798e-29 	 -3.01378 	 3.29874e-29 
1.71791 	 1.86634e+16 	 5.417e-10 	 3.8237e-29 	 -2.98103 	 3.20057e-29 
1.7378 	 1.87102e+16 	 5.3188e-10 	 3.70494e-29 	 -2.94736 	 3.10718e-29 
1.75792 	 1.87566e+16 	 5.22228e-10 	 3.59147e-29 	 -2.91283 	 3.01832e-29 
1.77828 	 1.88027e+16 	 5.12742e-10 	 3.48305e-29 	 -2.87752 	 2.93371e-29 
1.79887 	 1.88485e+16 	 5.0342e-10 	 3.37946e-29 	 -2.84148 	 2.85314e-29 
1.8197 	 1.8894e+16 	 4.94262e-10 	 3.28047e-29 	 -2.80479 	 2.77636e-29 
1.84077 	 1.89392e+16 	 4.85264e-10 	 3.18589e-29 	 -2.76752 	 2.70315e-29 
1.86209 	 1.89841e+16 	 4.76426e-10 	 3.09551e-29 	 -2.72974 	 2.63333e-29 
1.88365 	 1.90286e+16 	 4.67746e-10 	 3.00913e-29 	 -2.69155 	 2.56668e-29 
1.90546 	 1.90729e+16 	 4.59222e-10 	 2.92658e-29 	 -2.65301 	 2.50304e-29 
1.92752 	 1.91169e+16 	 4.50851e-10 	 2.84767e-29 	 -2.61422 	 2.44221e-29 
1.94984 	 1.91605e+16 	 4.42633e-10 	 2.77223e-29 	 -2.57524 	 2.38405e-29 
1.97242 	 1.92039e+16 	 4.34565e-10 	 2.7001e-29 	 -2.53618 	 2.32839e-29 
1.99526 	 1.92469e+16 	 4.26646e-10 	 2.63111e-29 	 -2.4971 	 2.2751e-29 
2.01837 	 1.92897e+16 	 4.18873e-10 	 2.56512e-29 	 -2.4581 	 2.22403e-29 
2.04174 	 1.93322e+16 	 4.11244e-10 	 2.50198e-29 	 -2.41925 	 2.17506e-29 
2.06538 	 1.93743e+16 	 4.03759e-10 	 2.44155e-29 	 -2.38064 	 2.12807e-29 
2.0893 	 1.94162e+16 	 3.96414e-10 	 2.38369e-29 	 -2.34234 	 2.08294e-29 
2.11349 	 1.94578e+16 	 3.89209e-10 	 2.32828e-29 	 -2.30443 	 2.03957e-29 
2.13796 	 1.94992e+16 	 3.8214e-10 	 2.2752e-29 	 -2.26698 	 1.99786e-29 
2.16272 	 1.95402e+16 	 3.75206e-10 	 2.22433e-29 	 -2.23007 	 1.95772e-29 
2.18776 	 1.9581e+16 	 3.68405e-10 	 2.17556e-29 	 -2.19375 	 1.91905e-29 
2.21309 	 1.96214e+16 	 3.61735e-10 	 2.12878e-29 	 -2.15809 	 1.88179e-29 
2.23872 	 1.96617e+16 	 3.55195e-10 	 2.08388e-29 	 -2.12315 	 1.84584e-29 
2.26464 	 1.97016e+16 	 3.48781e-10 	 2.04078e-29 	 -2.08899 	 1.81115e-29 
2.29087 	 1.97413e+16 	 3.42493e-10 	 1.99938e-29 	 -2.05565 	 1.77764e-29 
2.31739 	 1.97807e+16 	 3.36328e-10 	 1.95958e-29 	 -2.02318 	 1.74524e-29 
2.34423 	 1.98199e+16 	 3.30284e-10 	 1.92132e-29 	 -1.99161 	 1.71391e-29 
2.37137 	 1.98588e+16 	 3.24359e-10 	 1.8845e-29 	 -1.961 	 1.68359e-29 
2.39883 	 1.98974e+16 	 3.18552e-10 	 1.84905e-29 	 -1.93136 	 1.65422e-29 
2.42661 	 1.99358e+16 	 3.1286e-10 	 1.8149e-29 	 -1.90272 	 1.62575e-29 
2.45471 	 1.99739e+16 	 3.07281e-10 	 1.78198e-29 	 -1.87511 	 1.59815e-29 
2.48313 	 2.00118e+16 	 3.01814e-10 	 1.75023e-29 	 -1.84854 	 1.57137e-29 
2.51189 	 2.00495e+16 	 2.96457e-10 	 1.71958e-29 	 -1.82303 	 1.54536e-29 
2.54097 	 2.00869e+16 	 2.91207e-10 	 1.68997e-29 	 -1.79858 	 1.5201e-29 
2.5704 	 2.01241e+16 	 2.86064e-10 	 1.66136e-29 	 -1.77521 	 1.49555e-29 
2.60016 	 2.0161e+16 	 2.81024e-10 	 1.63368e-29 	 -1.75291 	 1.47167e-29 
2.63027 	 2.01978e+16 	 2.76086e-10 	 1.60689e-29 	 -1.73168 	 1.44844e-29 
2.66073 	 2.02342e+16 	 2.71248e-10 	 1.58094e-29 	 -1.71151 	 1.42582e-29 
2.69153 	 2.02705e+16 	 2.66509e-10 	 1.55578e-29 	 -1.69239 	 1.40379e-29 
2.7227 	 2.03066e+16 	 2.61866e-10 	 1.53139e-29 	 -1.67432 	 1.38233e-29 
2.75423 	 2.03424e+16 	 2.57317e-10 	 1.5077e-29 	 -1.65728 	 1.36141e-29 
2.78612 	 2.0378e+16 	 2.52862e-10 	 1.4847e-29 	 -1.64125 	 1.341e-29 
2.81838 	 2.04134e+16 	 2.48498e-10 	 1.46234e-29 	 -1.62622 	 1.3211e-29 
2.85102 	 2.04486e+16 	 2.44223e-10 	 1.44059e-29 	 -1.61215 	 1.30167e-29 
2.88403 	 2.04836e+16 	 2.40036e-10 	 1.41941e-29 	 -1.59903 	 1.2827e-29 
2.91743 	 2.05184e+16 	 2.35934e-10 	 1.39879e-29 	 -1.58684 	 1.26417e-29 
2.95121 	 2.0553e+16 	 2.31917e-10 	 1.37869e-29 	 -1.57554 	 1.24607e-29 
2.98538 	 2.05874e+16 	 2.27982e-10 	 1.35909e-29 	 -1.56512 	 1.22838e-29 
3.01995 	 2.06216e+16 	 2.24128e-10 	 1.33996e-29 	 -1.55553 	 1.21109e-29 
3.05492 	 2.06556e+16 	 2.20354e-10 	 1.32128e-29 	 -1.54676 	 1.19417e-29 
3.0903 	 2.06895e+16 	 2.16657e-10 	 1.30303e-29 	 -1.53878 	 1.17763e-29 
3.12608 	 2.07231e+16 	 2.13036e-10 	 1.28518e-29 	 -1.53155 	 1.16144e-29 
3.16228 	 2.07566e+16 	 2.09489e-10 	 1.26773e-29 	 -1.52504 	 1.1456e-29 
3.1989 	 2.07899e+16 	 2.06015e-10 	 1.25065e-29 	 -1.51923 	 1.13009e-29 
3.23594 	 2.08231e+16 	 2.02613e-10 	 1.23393e-29 	 -1.51408 	 1.11491e-29 
3.27341 	 2.0856e+16 	 1.9928e-10 	 1.21755e-29 	 -1.50956 	 1.10004e-29 
3.31131 	 2.08888e+16 	 1.96016e-10 	 1.20149e-29 	 -1.50565 	 1.08547e-29 
3.34965 	 2.09215e+16 	 1.92819e-10 	 1.18575e-29 	 -1.50232 	 1.0712e-29 
3.38844 	 2.09539e+16 	 1.89687e-10 	 1.17031e-29 	 -1.49953 	 1.05722e-29 
3.42768 	 2.09863e+16 	 1.8662e-10 	 1.15516e-29 	 -1.49725 	 1.04351e-29 
3.46737 	 2.10184e+16 	 1.83615e-10 	 1.14029e-29 	 -1.49547 	 1.03007e-29 
3.50752 	 2.10504e+16 	 1.80671e-10 	 1.12569e-29 	 -1.49414 	 1.0169e-29 
3.54813 	 2.10823e+16 	 1.77787e-10 	 1.11135e-29 	 -1.49324 	 1.00399e-29 
3.58922 	 2.1114e+16 	 1.74962e-10 	 1.09726e-29 	 -1.49276 	 9.9132e-30 
3.63078 	 2.11456e+16 	 1.72195e-10 	 1.08341e-29 	 -1.49265 	 9.78898e-30 
3.67282 	 2.11771e+16 	 1.69483e-10 	 1.06979e-29 	 -1.4929 	 9.66712e-30 
3.71535 	 2.12084e+16 	 1.66827e-10 	 1.05641e-29 	 -1.49348 	 9.54758e-30 
3.75837 	 2.12395e+16 	 1.64224e-10 	 1.04325e-29 	 -1.49437 	 9.43029e-30 
3.80189 	 2.12706e+16 	 1.61674e-10 	 1.0303e-29 	 -1.49554 	 9.3152e-30 
3.84592 	 2.13015e+16 	 1.59175e-10 	 1.01756e-29 	 -1.49698 	 9.20226e-30 
3.89045 	 2.13323e+16 	 1.56726e-10 	 1.00503e-29 	 -1.49866 	 9.09142e-30 
3.9355 	 2.1363e+16 	 1.54326e-10 	 9.92693e-30 	 -1.50056 	 8.98262e-30 
3.98107 	 2.13935e+16 	 1.51974e-10 	 9.80554e-30 	 -1.50266 	 8.87583e-30 
4.02717 	 2.1424e+16 	 1.49668e-10 	 9.68606e-30 	 -1.50495 	 8.771e-30 
4.0738 	 2.14543e+16 	 1.47409e-10 	 9.56845e-30 	 -1.5074 	 8.66808e-30 
4.12098 	 2.14845e+16 	 1.45194e-10 	 9.45266e-30 	 -1.51001 	 8.56704e-30 
4.16869 	 2.15146e+16 	 1.43023e-10 	 9.33867e-30 	 -1.51274 	 8.46782e-30 
4.21697 	 2.15446e+16 	 1.40895e-10 	 9.22644e-30 	 -1.51559 	 8.3704e-30 
4.2658 	 2.15745e+16 	 1.38809e-10 	 9.11594e-30 	 -1.51854 	 8.27474e-30 
4.31519 	 2.16043e+16 	 1.36763e-10 	 9.00714e-30 	 -1.52158 	 8.18079e-30 
4.36516 	 2.1634e+16 	 1.34758e-10 	 8.90001e-30 	 -1.5247 	 8.08853e-30 
4.4157 	 2.16636e+16 	 1.32791e-10 	 8.79453e-30 	 -1.52787 	 7.99791e-30 
4.46684 	 2.16931e+16 	 1.30862e-10 	 8.69068e-30 	 -1.5311 	 7.90891e-30 
4.51856 	 2.17225e+16 	 1.28971e-10 	 8.58842e-30 	 -1.53436 	 7.82149e-30 
4.57088 	 2.17519e+16 	 1.27116e-10 	 8.48773e-30 	 -1.53765 	 7.73562e-30 
4.62381 	 2.17811e+16 	 1.25296e-10 	 8.3886e-30 	 -1.54095 	 7.65127e-30 
4.67735 	 2.18103e+16 	 1.23512e-10 	 8.291e-30 	 -1.54427 	 7.56842e-30 
4.73151 	 2.18394e+16 	 1.21761e-10 	 8.19492e-30 	 -1.54758 	 7.48702e-30 
4.7863 	 2.18684e+16 	 1.20044e-10 	 8.10033e-30 	 -1.55088 	 7.40706e-30 
4.84172 	 2.18973e+16 	 1.18358e-10 	 8.00722e-30 	 -1.55416 	 7.3285e-30 
4.89779 	 2.19261e+16 	 1.16705e-10 	 7.91557e-30 	 -1.55742 	 7.25132e-30 
4.9545 	 2.19549e+16 	 1.15083e-10 	 7.82535e-30 	 -1.56065 	 7.17549e-30 
5.01187 	 2.19836e+16 	 1.1349e-10 	 7.73656e-30 	 -1.56383 	 7.10099e-30 
5.06991 	 2.20123e+16 	 1.11928e-10 	 7.64918e-30 	 -1.56698 	 7.0278e-30 
5.12861 	 2.20408e+16 	 1.10394e-10 	 7.56319e-30 	 -1.57007 	 6.95587e-30 
5.188 	 2.20693e+16 	 1.08889e-10 	 7.47858e-30 	 -1.57311 	 6.88521e-30 
5.24807 	 2.20978e+16 	 1.07411e-10 	 7.39532e-30 	 -1.57608 	 6.81577e-30 
5.30884 	 2.21262e+16 	 1.0596e-10 	 7.31341e-30 	 -1.579 	 6.74754e-30 
5.37032 	 2.21545e+16 	 1.04536e-10 	 7.23283e-30 	 -1.58184 	 6.6805e-30 
5.4325 	 2.21828e+16 	 1.03138e-10 	 7.15356e-30 	 -1.58462 	 6.61463e-30 
5.49541 	 2.2211e+16 	 1.01764e-10 	 7.07559e-30 	 -1.58732 	 6.54989e-30 
5.55904 	 2.22391e+16 	 1.00416e-10 	 6.99891e-30 	 -1.58994 	 6.48628e-30 
5.62341 	 2.22672e+16 	 9.90915e-11 	 6.92349e-30 	 -1.59249 	 6.42377e-30 
5.68853 	 2.22953e+16 	 9.77907e-11 	 6.84932e-30 	 -1.59495 	 6.36234e-30 
5.7544 	 2.23233e+16 	 9.6513e-11 	 6.7764e-30 	 -1.59733 	 6.30198e-30 
5.82103 	 2.23513e+16 	 9.5258e-11 	 6.7047e-30 	 -1.59962 	 6.24265e-30 
5.88844 	 2.23792e+16 	 9.40249e-11 	 6.6342e-30 	 -1.60183 	 6.18436e-30 
5.95662 	 2.24071e+16 	 9.28136e-11 	 6.56491e-30 	 -1.60395 	 6.12707e-30 
6.0256 	 2.2435e+16 	 9.16233e-11 	 6.49679e-30 	 -1.60598 	 6.07077e-30 
6.09537 	 2.24628e+16 	 9.04537e-11 	 6.42983e-30 	 -1.60792 	 6.01544e-30 
6.16595 	 2.24905e+16 	 8.93044e-11 	 6.36403e-30 	 -1.60977 	 5.96106e-30 
6.23735 	 2.25183e+16 	 8.81748e-11 	 6.29937e-30 	 -1.61154 	 5.90762e-30 
6.30957 	 2.2546e+16 	 8.70647e-11 	 6.23582e-30 	 -1.61321 	 5.85511e-30 
6.38263 	 2.25737e+16 	 8.59735e-11 	 6.17338e-30 	 -1.61479 	 5.80349e-30 
6.45654 	 2.26013e+16 	 8.49008e-11 	 6.11203e-30 	 -1.61629 	 5.75277e-30 
6.53131 	 2.26289e+16 	 8.38463e-11 	 6.05176e-30 	 -1.61769 	 5.70292e-30 
6.60693 	 2.26565e+16 	 8.28096e-11 	 5.99255e-30 	 -1.61901 	 5.65393e-30 
6.68344 	 2.26841e+16 	 8.17903e-11 	 5.93439e-30 	 -1.62024 	 5.60578e-30 
6.76083 	 2.27116e+16 	 8.0788e-11 	 5.87727e-30 	 -1.62138 	 5.55845e-30 
6.83912 	 2.27392e+16 	 7.98025e-11 	 5.82116e-30 	 -1.62243 	 5.51194e-30 
6.91831 	 2.27667e+16 	 7.88332e-11 	 5.76605e-30 	 -1.6234 	 5.46623e-30 
6.99842 	 2.27941e+16 	 7.788e-11 	 5.71194e-30 	 -1.62429 	 5.42131e-30 
7.07946 	 2.28216e+16 	 7.69424e-11 	 5.65879e-30 	 -1.6251 	 5.37716e-30 
7.16143 	 2.28491e+16 	 7.60202e-11 	 5.60661e-30 	 -1.62582 	 5.33376e-30 
7.24436 	 2.28765e+16 	 7.51131e-11 	 5.55538e-30 	 -1.62647 	 5.29111e-30 
7.32825 	 2.29039e+16 	 7.42206e-11 	 5.50508e-30 	 -1.62704 	 5.2492e-30 
7.4131 	 2.29313e+16 	 7.33426e-11 	 5.45569e-30 	 -1.62753 	 5.208e-30 
7.49894 	 2.29587e+16 	 7.24788e-11 	 5.40721e-30 	 -1.62795 	 5.16751e-30 
7.58578 	 2.29861e+16 	 7.16288e-11 	 5.35962e-30 	 -1.62829 	 5.12772e-30 
7.67361 	 2.30135e+16 	 7.07924e-11 	 5.3129e-30 	 -1.62856 	 5.0886e-30 
7.76247 	 2.30409e+16 	 6.99693e-11 	 5.26704e-30 	 -1.62877 	 5.05016e-30 
7.85236 	 2.30683e+16 	 6.91592e-11 	 5.22203e-30 	 -1.6289 	 5.01238e-30 
7.94328 	 2.30956e+16 	 6.8362e-11 	 5.17786e-30 	 -1.62897 	 4.97525e-30 
8.03526 	 2.3123e+16 	 6.75773e-11 	 5.1345e-30 	 -1.62898 	 4.93875e-30 
8.12831 	 2.31504e+16 	 6.68049e-11 	 5.09195e-30 	 -1.62892 	 4.90288e-30 
8.22243 	 2.31777e+16 	 6.60445e-11 	 5.05019e-30 	 -1.6288 	 4.86762e-30 
8.31764 	 2.32051e+16 	 6.5296e-11 	 5.00921e-30 	 -1.62863 	 4.83297e-30 
8.41395 	 2.32325e+16 	 6.4559e-11 	 4.969e-30 	 -1.6284 	 4.79891e-30 
8.51138 	 2.32599e+16 	 6.38335e-11 	 4.92954e-30 	 -1.62811 	 4.76544e-30 
8.60994 	 2.32873e+16 	 6.3119e-11 	 4.89083e-30 	 -1.62778 	 4.73254e-30 
8.70964 	 2.33147e+16 	 6.24156e-11 	 4.85283e-30 	 -1.62739 	 4.7002e-30 
8.81049 	 2.33421e+16 	 6.17228e-11 	 4.81556e-30 	 -1.62695 	 4.66842e-30 
8.91251 	 2.33695e+16 	 6.10406e-11 	 4.77898e-30 	 -1.62647 	 4.63718e-30 
9.01571 	 2.33969e+16 	 6.03688e-11 	 4.7431e-30 	 -1.62594 	 4.60648e-30 
9.12011 	 2.34244e+16 	 5.9707e-11 	 4.70789e-30 	 -1.62536 	 4.57631e-30 
9.22571 	 2.34518e+16 	 5.90553e-11 	 4.67335e-30 	 -1.62475 	 4.54665e-30 
9.33254 	 2.34793e+16 	 5.84133e-11 	 4.63946e-30 	 -1.6241 	 4.5175e-30 
9.44061 	 2.35068e+16 	 5.77808e-11 	 4.60621e-30 	 -1.62341 	 4.48885e-30 
9.54993 	 2.35343e+16 	 5.71578e-11 	 4.5736e-30 	 -1.62268 	 4.46069e-30 
9.66051 	 2.35618e+16 	 5.65441e-11 	 4.5416e-30 	 -1.62192 	 4.43301e-30 
9.77237 	 2.35893e+16 	 5.59393e-11 	 4.51021e-30 	 -1.62113 	 4.40581e-30 
9.88553 	 2.36169e+16 	 5.53435e-11 	 4.47941e-30 	 -1.6203 	 4.37907e-30 
10 	 2.36445e+16 	 5.47565e-11 	 4.4492e-30 	 -1.61945 	 4.35279e-30 
10.1158 	 2.36721e+16 	 5.4178e-11 	 4.41956e-30 	 -1.61857 	 4.32696e-30 
10.2329 	 2.36998e+16 	 5.36079e-11 	 4.39049e-30 	 -1.61766 	 4.30157e-30 
10.3514 	 2.37274e+16 	 5.30462e-11 	 4.36197e-30 	 -1.61673 	 4.27662e-30 
10.4713 	 2.37551e+16 	 5.24925e-11 	 4.33399e-30 	 -1.61578 	 4.2521e-30 
10.5925 	 2.37828e+16 	 5.19468e-11 	 4.30654e-30 	 -1.61481 	 4.22799e-30 
10.7152 	 2.38106e+16 	 5.1409e-11 	 4.27961e-30 	 -1.61381 	 4.2043e-30 
10.8393 	 2.38384e+16 	 5.08789e-11 	 4.2532e-30 	 -1.6128 	 4.18101e-30 
10.9648 	 2.38662e+16 	 5.03563e-11 	 4.22729e-30 	 -1.61177 	 4.15813e-30 
11.0917 	 2.3894e+16 	 4.98412e-11 	 4.20187e-30 	 -1.61072 	 4.13563e-30 
11.2202 	 2.39219e+16 	 4.93334e-11 	 4.17694e-30 	 -1.60966 	 4.11352e-30 
11.3501 	 2.39498e+16 	 4.88328e-11 	 4.15248e-30 	 -1.60859 	 4.09179e-30 
11.4815 	 2.39778e+16 	 4.83392e-11 	 4.12848e-30 	 -1.6075 	 4.07043e-30 
11.6145 	 2.40058e+16 	 4.78525e-11 	 4.10494e-30 	 -1.6064 	 4.04944e-30 
11.749 	 2.40338e+16 	 4.73727e-11 	 4.08185e-30 	 -1.6053 	 4.0288e-30 
11.885 	 2.40619e+16 	 4.68995e-11 	 4.0592e-30 	 -1.60418 	 4.00852e-30 
12.0226 	 2.409e+16 	 4.64329e-11 	 4.03697e-30 	 -1.60306 	 3.98859e-30 
12.1619 	 2.41182e+16 	 4.59728e-11 	 4.01517e-30 	 -1.60193 	 3.969e-30 
12.3027 	 2.41464e+16 	 4.5519e-11 	 3.99378e-30 	 -1.60079 	 3.94974e-30 
12.4451 	 2.41746e+16 	 4.50715e-11 	 3.9728e-30 	 -1.59965 	 3.93081e-30 
12.5893 	 2.42029e+16 	 4.46301e-11 	 3.95221e-30 	 -1.59851 	 3.91221e-30 
12.735 	 2.42313e+16 	 4.41947e-11 	 3.93202e-30 	 -1.59736 	 3.89393e-30 
12.8825 	 2.42597e+16 	 4.37653e-11 	 3.9122e-30 	 -1.59621 	 3.87596e-30 
13.0317 	 2.42881e+16 	 4.33417e-11 	 3.89277e-30 	 -1.59506 	 3.85829e-30 
13.1826 	 2.43166e+16 	 4.29239e-11 	 3.8737e-30 	 -1.59391 	 3.84093e-30 
13.3352 	 2.43452e+16 	 4.25116e-11 	 3.85498e-30 	 -1.59276 	 3.82387e-30 
13.4896 	 2.43738e+16 	 4.2105e-11 	 3.83663e-30 	 -1.59162 	 3.8071e-30 
13.6458 	 2.44024e+16 	 4.17037e-11 	 3.81862e-30 	 -1.59047 	 3.79061e-30 
13.8038 	 2.44311e+16 	 4.13078e-11 	 3.80094e-30 	 -1.58932 	 3.77441e-30 
13.9637 	 2.44599e+16 	 4.09172e-11 	 3.78361e-30 	 -1.58818 	 3.75849e-30 
14.1254 	 2.44887e+16 	 4.05318e-11 	 3.76659e-30 	 -1.58704 	 3.74283e-30 
14.2889 	 2.45176e+16 	 4.01515e-11 	 3.7499e-30 	 -1.58591 	 3.72745e-30 
14.4544 	 2.45466e+16 	 3.97762e-11 	 3.73352e-30 	 -1.58478 	 3.71233e-30 
14.6218 	 2.45756e+16 	 3.94058e-11 	 3.71745e-30 	 -1.58366 	 3.69747e-30 
14.7911 	 2.46047e+16 	 3.90402e-11 	 3.70168e-30 	 -1.58254 	 3.68286e-30 
14.9624 	 2.46338e+16 	 3.86795e-11 	 3.68621e-30 	 -1.58142 	 3.6685e-30 
15.1356 	 2.4663e+16 	 3.83234e-11 	 3.67102e-30 	 -1.58032 	 3.65439e-30 
15.3109 	 2.46923e+16 	 3.79719e-11 	 3.65612e-30 	 -1.57922 	 3.64052e-30 
15.4882 	 2.47216e+16 	 3.7625e-11 	 3.6415e-30 	 -1.57812 	 3.62689e-30 
15.6675 	 2.4751e+16 	 3.72825e-11 	 3.62715e-30 	 -1.57704 	 3.61349e-30 
15.8489 	 2.47805e+16 	 3.69444e-11 	 3.61307e-30 	 -1.57596 	 3.60032e-30 
16.0325 	 2.48101e+16 	 3.66107e-11 	 3.59925e-30 	 -1.57489 	 3.58738e-30 
16.2181 	 2.48397e+16 	 3.62812e-11 	 3.58569e-30 	 -1.57383 	 3.57466e-30 
16.4059 	 2.48694e+16 	 3.59559e-11 	 3.57239e-30 	 -1.57278 	 3.56215e-30 
16.5959 	 2.48992e+16 	 3.56347e-11 	 3.55933e-30 	 -1.57174 	 3.54986e-30 
16.788 	 2.4929e+16 	 3.53175e-11 	 3.54651e-30 	 -1.5707 	 3.53778e-30 
16.9824 	 2.49589e+16 	 3.50043e-11 	 3.53393e-30 	 -1.56968 	 3.52591e-30 
17.1791 	 2.49889e+16 	 3.46951e-11 	 3.52158e-30 	 -1.56866 	 3.51424e-30 
17.378 	 2.5019e+16 	 3.43897e-11 	 3.50946e-30 	 -1.56766 	 3.50277e-30 
17.5792 	 2.50492e+16 	 3.40881e-11 	 3.49757e-30 	 -1.56666 	 3.4915e-30 
17.7828 	 2.50794e+16 	 3.37902e-11 	 3.4859e-30 	 -1.56568 	 3.48042e-30 
17.9887 	 2.51098e+16 	 3.34961e-11 	 3.47444e-30 	 -1.5647 	 3.46953e-30 
18.197 	 2.51402e+16 	 3.32055e-11 	 3.46319e-30 	 -1.56374 	 3.45882e-30 
18.4077 	 2.51707e+16 	 3.29185e-11 	 3.45216e-30 	 -1.56279 	 3.4483e-30 
18.6209 	 2.52013e+16 	 3.2635e-11 	 3.44132e-30 	 -1.56184 	 3.43796e-30 
18.8365 	 2.5232e+16 	 3.23549e-11 	 3.43068e-30 	 -1.56091 	 3.4278e-30 
19.0546 	 2.52627e+16 	 3.20783e-11 	 3.42024e-30 	 -1.55999 	 3.41781e-30 
19.2752 	 2.52936e+16 	 3.1805e-11 	 3.41e-30 	 -1.55907 	 3.40799e-30 
19.4984 	 2.53245e+16 	 3.1535e-11 	 3.39994e-30 	 -1.55817 	 3.39834e-30 
19.7242 	 2.53556e+16 	 3.12682e-11 	 3.39006e-30 	 -1.55728 	 3.38885e-30 
19.9526 	 2.53867e+16 	 3.10046e-11 	 3.38037e-30 	 -1.5564 	 3.37953e-30 
20.1837 	 2.54179e+16 	 3.07441e-11 	 3.37085e-30 	 -1.55553 	 3.37036e-30 
20.4174 	 2.54493e+16 	 3.04868e-11 	 3.36151e-30 	 -1.55468 	 3.36136e-30 
20.6538 	 2.54807e+16 	 3.02324e-11 	 3.35233e-30 	 -1.55383 	 3.35251e-30 
20.893 	 2.55122e+16 	 2.99811e-11 	 3.34333e-30 	 -1.55299 	 3.3438e-30 
21.1349 	 2.55438e+16 	 2.97327e-11 	 3.33449e-30 	 -1.55217 	 3.33525e-30 
21.3796 	 2.55756e+16 	 2.94873e-11 	 3.32581e-30 	 -1.55135 	 3.32685e-30 
21.6272 	 2.56074e+16 	 2.92446e-11 	 3.31729e-30 	 -1.55055 	 3.31859e-30 
21.8776 	 2.56393e+16 	 2.90048e-11 	 3.30892e-30 	 -1.54975 	 3.31047e-30 
22.1309 	 2.56714e+16 	 2.87678e-11 	 3.30071e-30 	 -1.54897 	 3.30249e-30 
22.3872 	 2.57035e+16 	 2.85335e-11 	 3.29264e-30 	 -1.5482 	 3.29464e-30 
22.6464 	 2.57358e+16 	 2.83019e-11 	 3.28472e-30 	 -1.54743 	 3.28693e-30 
22.9087 	 2.57681e+16 	 2.80729e-11 	 3.27695e-30 	 -1.54668 	 3.27935e-30 
23.1739 	 2.58006e+16 	 2.78466e-11 	 3.26932e-30 	 -1.54594 	 3.2719e-30 
23.4423 	 2.58332e+16 	 2.76228e-11 	 3.26182e-30 	 -1.54521 	 3.26458e-30 
23.7137 	 2.58659e+16 	 2.74015e-11 	 3.25446e-30 	 -1.54449 	 3.25739e-30 
23.9883 	 2.58987e+16 	 2.71827e-11 	 3.24723e-30 	 -1.54378 	 3.25032e-30 
24.2661 	 2.59316e+16 	 2.69664e-11 	 3.24014e-30 	 -1.54308 	 3.24336e-30 
24.5471 	 2.59647e+16 	 2.67525e-11 	 3.23317e-30 	 -1.54239 	 3.23653e-30 
24.8313 	 2.59978e+16 	 2.6541e-11 	 3.22633e-30 	 -1.54171 	 3.22982e-30 
25.1189 	 2.60311e+16 	 2.63318e-11 	 3.21961e-30 	 -1.54104 	 3.22322e-30 
25.4097 	 2.60645e+16 	 2.61249e-11 	 3.21301e-30 	 -1.54037 	 3.21673e-30 
25.704 	 2.6098e+16 	 2.59203e-11 	 3.20653e-30 	 -1.53972 	 3.21035e-30 
26.0016 	 2.61317e+16 	 2.5718e-11 	 3.20017e-30 	 -1.53908 	 3.20409e-30 
26.3027 	 2.61654e+16 	 2.55178e-11 	 3.19392e-30 	 -1.53845 	 3.19793e-30 
26.6073 	 2.61993e+16 	 2.53198e-11 	 3.18778e-30 	 -1.53783 	 3.19187e-30 
26.9153 	 2.62334e+16 	 2.5124e-11 	 3.18176e-30 	 -1.53721 	 3.18592e-30 
27.227 	 2.62675e+16 	 2.49303e-11 	 3.17584e-30 	 -1.53661 	 3.18007e-30 
27.5423 	 2.63018e+16 	 2.47386e-11 	 3.17002e-30 	 -1.53601 	 3.17433e-30 
27.8612 	 2.63362e+16 	 2.4549e-11 	 3.16432e-30 	 -1.53542 	 3.16868e-30 
28.1838 	 2.63707e+16 	 2.43615e-11 	 3.15871e-30 	 -1.53485 	 3.16312e-30 
28.5102 	 2.64054e+16 	 2.41759e-11 	 3.15321e-30 	 -1.53428 	 3.15766e-30 
28.8403 	 2.64402e+16 	 2.39923e-11 	 3.1478e-30 	 -1.53372 	 3.1523e-30 
29.1743 	 2.64752e+16 	 2.38106e-11 	 3.14249e-30 	 -1.53317 	 3.14703e-30 
29.5121 	 2.65103e+16 	 2.36308e-11 	 3.13727e-30 	 -1.53262 	 3.14184e-30 
29.8538 	 2.65455e+16 	 2.34529e-11 	 3.13215e-30 	 -1.53209 	 3.13675e-30 
30.1995 	 2.65809e+16 	 2.32769e-11 	 3.12712e-30 	 -1.53156 	 3.13174e-30 
30.5492 	 2.66164e+16 	 2.31026e-11 	 3.12217e-30 	 -1.53104 	 3.12682e-30 
30.903 	 2.6652e+16 	 2.29302e-11 	 3.11732e-30 	 -1.53053 	 3.12198e-30 
31.2608 	 2.66878e+16 	 2.27595e-11 	 3.11255e-30 	 -1.53003 	 3.11723e-30 
31.6228 	 2.67237e+16 	 2.25906e-11 	 3.10787e-30 	 -1.52954 	 3.11256e-30 
31.989 	 2.67598e+16 	 2.24235e-11 	 3.10327e-30 	 -1.52905 	 3.10797e-30 
32.3594 	 2.6796e+16 	 2.2258e-11 	 3.09875e-30 	 -1.52857 	 3.10345e-30 
32.7341 	 2.68324e+16 	 2.20942e-11 	 3.09431e-30 	 -1.5281 	 3.09901e-30 
33.1131 	 2.6869e+16 	 2.1932e-11 	 3.08996e-30 	 -1.52763 	 3.09465e-30 
33.4965 	 2.69056e+16 	 2.17715e-11 	 3.08567e-30 	 -1.52718 	 3.09037e-30 
33.8844 	 2.69425e+16 	 2.16125e-11 	 3.08147e-30 	 -1.52673 	 3.08616e-30 
34.2768 	 2.69795e+16 	 2.14552e-11 	 3.07734e-30 	 -1.52628 	 3.08201e-30 
34.6737 	 2.70166e+16 	 2.12994e-11 	 3.07328e-30 	 -1.52585 	 3.07795e-30 
35.0752 	 2.70539e+16 	 2.11451e-11 	 3.06929e-30 	 -1.52542 	 3.07395e-30 
35.4813 	 2.70914e+16 	 2.09924e-11 	 3.06538e-30 	 -1.525 	 3.07001e-30 
35.8922 	 2.7129e+16 	 2.08412e-11 	 3.06153e-30 	 -1.52458 	 3.06615e-30 
36.3078 	 2.71668e+16 	 2.06914e-11 	 3.05775e-30 	 -1.52417 	 3.06235e-30 
36.7282 	 2.72048e+16 	 2.05431e-11 	 3.05404e-30 	 -1.52377 	 3.05862e-30 
37.1535 	 2.72429e+16 	 2.03963e-11 	 3.05039e-30 	 -1.52338 	 3.05495e-30 
37.5837 	 2.72812e+16 	 2.02508e-11 	 3.04681e-30 	 -1.52299 	 3.05134e-30 
38.0189 	 2.73196e+16 	 2.01068e-11 	 3.04329e-30 	 -1.52261 	 3.0478e-30 
38.4592 	 2.73582e+16 	 1.99641e-11 	 3.03983e-30 	 -1.52223 	 3.04431e-30 
38.9045 	 2.7397e+16 	 1.98228e-11 	 3.03644e-30 	 -1.52186 	 3.04089e-30 
39.355 	 2.7436e+16 	 1.96828e-11 	 3.0331e-30 	 -1.52149 	 3.03753e-30 
39.8107 	 2.74751e+16 	 1.95441e-11 	 3.02982e-30 	 -1.52114 	 3.03422e-30 
40.2717 	 2.75144e+16 	 1.94068e-11 	 3.0266e-30 	 -1.52078 	 3.03097e-30 
40.738 	 2.75539e+16 	 1.92707e-11 	 3.02344e-30 	 -1.52044 	 3.02777e-30 
41.2098 	 2.75936e+16 	 1.91359e-11 	 3.02033e-30 	 -1.52009 	 3.02463e-30 
41.6869 	 2.76334e+16 	 1.90024e-11 	 3.01728e-30 	 -1.51976 	 3.02154e-30 
42.1697 	 2.76734e+16 	 1.88701e-11 	 3.01428e-30 	 -1.51943 	 3.01851e-30 
42.658 	 2.77136e+16 	 1.8739e-11 	 3.01133e-30 	 -1.5191 	 3.01553e-30 
43.1519 	 2.7754e+16 	 1.86092e-11 	 3.00844e-30 	 -1.51878 	 3.01259e-30 
43.6516 	 2.77946e+16 	 1.84805e-11 	 3.00559e-30 	 -1.51847 	 3.00971e-30 
44.157 	 2.78353e+16 	 1.8353e-11 	 3.0028e-30 	 -1.51816 	 3.00688e-30 
44.6684 	 2.78763e+16 	 1.82266e-11 	 3.00005e-30 	 -1.51786 	 3.0041e-30 
45.1856 	 2.79174e+16 	 1.81014e-11 	 2.99735e-30 	 -1.51756 	 3.00136e-30 
45.7088 	 2.79587e+16 	 1.79774e-11 	 2.9947e-30 	 -1.51726 	 2.99867e-30 
46.2381 	 2.80003e+16 	 1.78544e-11 	 2.9921e-30 	 -1.51697 	 2.99603e-30 
46.7735 	 2.8042e+16 	 1.77325e-11 	 2.98954e-30 	 -1.51669 	 2.99343e-30 
47.3151 	 2.80839e+16 	 1.76118e-11 	 2.98703e-30 	 -1.51641 	 2.99088e-30 
47.863 	 2.8126e+16 	 1.74921e-11 	 2.98456e-30 	 -1.51613 	 2.98837e-30 
48.4172 	 2.81683e+16 	 1.73734e-11 	 2.98213e-30 	 -1.51586 	 2.9859e-30 
48.9779 	 2.82108e+16 	 1.72558e-11 	 2.97975e-30 	 -1.51559 	 2.98348e-30 
49.545 	 2.82535e+16 	 1.71393e-11 	 2.97741e-30 	 -1.51533 	 2.9811e-30 
50.1187 	 2.82964e+16 	 1.70237e-11 	 2.9751e-30 	 -1.51507 	 2.97876e-30 
50.6991 	 2.83395e+16 	 1.69092e-11 	 2.97284e-30 	 -1.51482 	 2.97645e-30 
51.2861 	 2.83828e+16 	 1.67956e-11 	 2.97062e-30 	 -1.51457 	 2.97419e-30 
51.88 	 2.84263e+16 	 1.66831e-11 	 2.96844e-30 	 -1.51433 	 2.97197e-30 
52.4807 	 2.84701e+16 	 1.65715e-11 	 2.96629e-30 	 -1.51409 	 2.96978e-30 
53.0884 	 2.8514e+16 	 1.64608e-11 	 2.96418e-30 	 -1.51385 	 2.96763e-30 
53.7032 	 2.85582e+16 	 1.63511e-11 	 2.96211e-30 	 -1.51362 	 2.96552e-30 
54.325 	 2.86026e+16 	 1.62424e-11 	 2.96008e-30 	 -1.51339 	 2.96345e-30 
54.9541 	 2.86471e+16 	 1.61346e-11 	 2.95808e-30 	 -1.51316 	 2.96141e-30 
55.5904 	 2.86919e+16 	 1.60276e-11 	 2.95612e-30 	 -1.51294 	 2.9594e-30 
56.2341 	 2.8737e+16 	 1.59216e-11 	 2.95419e-30 	 -1.51272 	 2.95743e-30 
56.8853 	 2.87822e+16 	 1.58165e-11 	 2.95229e-30 	 -1.51251 	 2.9555e-30 
57.544 	 2.88277e+16 	 1.57122e-11 	 2.95042e-30 	 -1.5123 	 2.95359e-30 
58.2103 	 2.88734e+16 	 1.56089e-11 	 2.94859e-30 	 -1.51209 	 2.95172e-30 
58.8844 	 2.89193e+16 	 1.55063e-11 	 2.94679e-30 	 -1.51188 	 2.94988e-30 
59.5662 	 2.89654e+16 	 1.54047e-11 	 2.94503e-30 	 -1.51168 	 2.94808e-30 
60.256 	 2.90118e+16 	 1.53038e-11 	 2.94329e-30 	 -1.51149 	 2.9463e-30 
60.9537 	 2.90584e+16 	 1.52038e-11 	 2.94158e-30 	 -1.51129 	 2.94455e-30 
61.6595 	 2.91052e+16 	 1.51046e-11 	 2.9399e-30 	 -1.5111 	 2.94284e-30 
62.3735 	 2.91523e+16 	 1.50063e-11 	 2.93825e-30 	 -1.51091 	 2.94115e-30 
63.0957 	 2.91996e+16 	 1.49087e-11 	 2.93664e-30 	 -1.51073 	 2.93949e-30 
63.8263 	 2.92471e+16 	 1.48119e-11 	 2.93504e-30 	 -1.51055 	 2.93786e-30 
64.5654 	 2.92949e+16 	 1.47159e-11 	 2.93348e-30 	 -1.51037 	 2.93626e-30 
65.3131 	 2.93429e+16 	 1.46206e-11 	 2.93194e-30 	 -1.51019 	 2.93469e-30 
66.0693 	 2.93912e+16 	 1.45262e-11 	 2.93043e-30 	 -1.51002 	 2.93314e-30 
66.8344 	 2.94397e+16 	 1.44325e-11 	 2.92895e-30 	 -1.50985 	 2.93162e-30 
67.6083 	 2.94884e+16 	 1.43395e-11 	 2.92749e-30 	 -1.50969 	 2.93012e-30 
68.3912 	 2.95374e+16 	 1.42473e-11 	 2.92606e-30 	 -1.50952 	 2.92866e-30 
69.1831 	 2.95866e+16 	 1.41558e-11 	 2.92465e-30 	 -1.50936 	 2.92721e-30 
69.9842 	 2.96361e+16 	 1.4065e-11 	 2.92326e-30 	 -1.5092 	 2.92579e-30 
70.7946 	 2.96859e+16 	 1.39749e-11 	 2.9219e-30 	 -1.50905 	 2.9244e-30 
71.6143 	 2.97359e+16 	 1.38856e-11 	 2.92057e-30 	 -1.50889 	 2.92303e-30 
72.4436 	 2.97861e+16 	 1.37969e-11 	 2.91926e-30 	 -1.50874 	 2.92168e-30 
73.2825 	 2.98366e+16 	 1.37089e-11 	 2.91797e-30 	 -1.5086 	 2.92035e-30 
74.131 	 2.98874e+16 	 1.36216e-11 	 2.9167e-30 	 -1.50845 	 2.91905e-30 
74.9894 	 2.99384e+16 	 1.3535e-11 	 2.91545e-30 	 -1.50831 	 2.91777e-30 
75.8578 	 2.99897e+16 	 1.34491e-11 	 2.91423e-30 	 -1.50817 	 2.91652e-30 
76.7361 	 3.00413e+16 	 1.33638e-11 	 2.91302e-30 	 -1.50803 	 2.91528e-30 
77.6247 	 3.00931e+16 	 1.32791e-11 	 2.91184e-30 	 -1.50789 	 2.91406e-30 
78.5236 	 3.01452e+16 	 1.31952e-11 	 2.91068e-30 	 -1.50776 	 2.91287e-30 
79.4328 	 3.01976e+16 	 1.31118e-11 	 2.90954e-30 	 -1.50763 	 2.9117e-30 
80.3526 	 3.02502e+16 	 1.30291e-11 	 2.90841e-30 	 -1.5075 	 2.91054e-30 
81.2831 	 3.03031e+16 	 1.2947e-11 	 2.90731e-30 	 -1.50737 	 2.90941e-30 
82.2243 	 3.03563e+16 	 1.28655e-11 	 2.90623e-30 	 -1.50724 	 2.90829e-30 
83.1764 	 3.04098e+16 	 1.27847e-11 	 2.90516e-30 	 -1.50712 	 2.9072e-30 
84.1395 	 3.04635e+16 	 1.27044e-11 	 2.90412e-30 	 -1.507 	 2.90612e-30 
85.1138 	 3.05175e+16 	 1.26248e-11 	 2.90309e-30 	 -1.50688 	 2.90506e-30 
86.0994 	 3.05718e+16 	 1.25457e-11 	 2.90208e-30 	 -1.50677 	 2.90402e-30 
87.0964 	 3.06264e+16 	 1.24673e-11 	 2.90108e-30 	 -1.50665 	 2.903e-30 
88.1049 	 3.06813e+16 	 1.23894e-11 	 2.90011e-30 	 -1.50654 	 2.902e-30 
89.1251 	 3.07365e+16 	 1.23121e-11 	 2.89915e-30 	 -1.50643 	 2.90101e-30 
90.1571 	 3.07919e+16 	 1.22353e-11 	 2.89821e-30 	 -1.50632 	 2.90004e-30 
91.2011 	 3.08477e+16 	 1.21591e-11 	 2.89728e-30 	 -1.50621 	 2.89909e-30 
92.2571 	 3.09037e+16 	 1.20835e-11 	 2.89637e-30 	 -1.5061 	 2.89815e-30 
93.3254 	 3.09601e+16 	 1.20085e-11 	 2.89547e-30 	 -1.506 	 2.89723e-30 
94.4061 	 3.10167e+16 	 1.19339e-11 	 2.89459e-30 	 -1.5059 	 2.89632e-30 
95.4993 	 3.10737e+16 	 1.186e-11 	 2.89373e-30 	 -1.5058 	 2.89543e-30 
96.6051 	 3.11309e+16 	 1.17865e-11 	 2.89288e-30 	 -1.5057 	 2.89455e-30 
97.7237 	 3.11885e+16 	 1.17136e-11 	 2.89205e-30 	 -1.5056 	 2.89369e-30 
98.8553 	 3.12463e+16 	 1.16412e-11 	 2.89123e-30 	 -1.50551 	 2.89285e-30 
100 	 3.13045e+16 	 1.15694e-11 	 2.89042e-30 	 -1.50541 	 2.89202e-30 
101.158 	 3.13629e+16 	 1.1498e-11 	 2.88963e-30 	 -1.50532 	 2.8912e-30 
102.329 	 3.14217e+16 	 1.14272e-11 	 2.88885e-30 	 -1.50523 	 2.8904e-30 
103.514 	 3.14808e+16 	 1.13568e-11 	 2.88808e-30 	 -1.50514 	 2.88961e-30 
104.713 	 3.15402e+16 	 1.1287e-11 	 2.88733e-30 	 -1.50506 	 2.88883e-30 
105.925 	 3.16e+16 	 1.12177e-11 	 2.88659e-30 	 -1.50497 	 2.88807e-30 
107.152 	 3.166e+16 	 1.11488e-11 	 2.88587e-30 	 -1.50489 	 2.88732e-30 
108.393 	 3.17204e+16 	 1.10805e-11 	 2.88515e-30 	 -1.5048 	 2.88659e-30 
109.648 	 3.17811e+16 	 1.10126e-11 	 2.88445e-30 	 -1.50472 	 2.88586e-30 
110.917 	 3.18422e+16 	 1.09452e-11 	 2.88376e-30 	 -1.50464 	 2.88515e-30 
112.202 	 3.19035e+16 	 1.08782e-11 	 2.88309e-30 	 -1.50456 	 2.88445e-30 
113.501 	 3.19652e+16 	 1.08118e-11 	 2.88242e-30 	 -1.50448 	 2.88377e-30 
114.815 	 3.20272e+16 	 1.07458e-11 	 2.88177e-30 	 -1.50441 	 2.88309e-30 
116.145 	 3.20896e+16 	 1.06802e-11 	 2.88112e-30 	 -1.50433 	 2.88243e-30 
117.49 	 3.21523e+16 	 1.06152e-11 	 2.88049e-30 	 -1.50426 	 2.88177e-30 
118.85 	 3.22153e+16 	 1.05505e-11 	 2.87987e-30 	 -1.50419 	 2.88113e-30 
120.226 	 3.22787e+16 	 1.04863e-11 	 2.87926e-30 	 -1.50412 	 2.8805e-30 
121.619 	 3.23424e+16 	 1.04226e-11 	 2.87866e-30 	 -1.50404 	 2.87988e-30 
123.027 	 3.24065e+16 	 1.03593e-11 	 2.87807e-30 	 -1.50398 	 2.87927e-30 
124.451 	 3.24709e+16 	 1.02964e-11 	 2.87749e-30 	 -1.50391 	 2.87868e-30 
125.893 	 3.25357e+16 	 1.0234e-11 	 2.87692e-30 	 -1.50384 	 2.87809e-30 
127.35 	 3.26008e+16 	 1.0172e-11 	 2.87636e-30 	 -1.50378 	 2.87751e-30 
128.825 	 3.26663e+16 	 1.01104e-11 	 2.87581e-30 	 -1.50371 	 2.87694e-30 
130.317 	 3.27321e+16 	 1.00492e-11 	 2.87527e-30 	 -1.50365 	 2.87638e-30 
131.826 	 3.27983e+16 	 9.98847e-12 	 2.87474e-30 	 -1.50359 	 2.87583e-30 
133.352 	 3.28649e+16 	 9.92812e-12 	 2.87422e-30 	 -1.50353 	 2.87529e-30 
134.896 	 3.29318e+16 	 9.86819e-12 	 2.8737e-30 	 -1.50347 	 2.87476e-30 
136.458 	 3.29991e+16 	 9.80866e-12 	 2.8732e-30 	 -1.50341 	 2.87424e-30 
138.038 	 3.30667e+16 	 9.74953e-12 	 2.87271e-30 	 -1.50335 	 2.87373e-30 
139.637 	 3.31347e+16 	 9.6908e-12 	 2.87222e-30 	 -1.50329 	 2.87323e-30 
141.254 	 3.32031e+16 	 9.63246e-12 	 2.87174e-30 	 -1.50324 	 2.87273e-30 
142.889 	 3.32719e+16 	 9.57452e-12 	 2.87127e-30 	 -1.50318 	 2.87224e-30 
144.544 	 3.33411e+16 	 9.51696e-12 	 2.87081e-30 	 -1.50313 	 2.87177e-30 
146.218 	 3.34106e+16 	 9.45978e-12 	 2.87035e-30 	 -1.50307 	 2.8713e-30 
147.911 	 3.34805e+16 	 9.40298e-12 	 2.86991e-30 	 -1.50302 	 2.87083e-30 
149.624 	 3.35508e+16 	 9.34657e-12 	 2.86947e-30 	 -1.50297 	 2.87038e-30 
151.356 	 3.36215e+16 	 9.29052e-12 	 2.86903e-30 	 -1.50292 	 2.86993e-30 
153.109 	 3.36926e+16 	 9.23485e-12 	 2.86861e-30 	 -1.50287 	 2.8695e-30 
154.882 	 3.37641e+16 	 9.17955e-12 	 2.86819e-30 	 -1.50282 	 2.86906e-30 
156.675 	 3.38359e+16 	 9.12461e-12 	 2.86778e-30 	 -1.50277 	 2.86864e-30 
158.489 	 3.39082e+16 	 9.07003e-12 	 2.86738e-30 	 -1.50272 	 2.86822e-30 
160.325 	 3.39808e+16 	 9.01581e-12 	 2.86699e-30 	 -1.50268 	 2.86782e-30 
162.181 	 3.40539e+16 	 8.96194e-12 	 2.8666e-30 	 -1.50263 	 2.86741e-30 
164.059 	 3.41274e+16 	 8.90843e-12 	 2.86622e-30 	 -1.50259 	 2.86702e-30 
165.959 	 3.42012e+16 	 8.85527e-12 	 2.86584e-30 	 -1.50254 	 2.86663e-30 
167.88 	 3.42755e+16 	 8.80246e-12 	 2.86547e-30 	 -1.5025 	 2.86625e-30 
169.824 	 3.43502e+16 	 8.74999e-12 	 2.86511e-30 	 -1.50246 	 2.86587e-30 
171.791 	 3.44253e+16 	 8.69786e-12 	 2.86475e-30 	 -1.50242 	 2.8655e-30 
173.78 	 3.45009e+16 	 8.64607e-12 	 2.8644e-30 	 -1.50237 	 2.86514e-30 
175.792 	 3.45768e+16 	 8.59461e-12 	 2.86406e-30 	 -1.50233 	 2.86478e-30 
177.828 	 3.46532e+16 	 8.54349e-12 	 2.86372e-30 	 -1.50229 	 2.86443e-30 
179.887 	 3.473e+16 	 8.4927e-12 	 2.86339e-30 	 -1.50225 	 2.86409e-30 
181.97 	 3.48072e+16 	 8.44224e-12 	 2.86306e-30 	 -1.50222 	 2.86375e-30 
184.077 	 3.48849e+16 	 8.3921e-12 	 2.86274e-30 	 -1.50218 	 2.86342e-30 
186.209 	 3.49629e+16 	 8.34228e-12 	 2.86242e-30 	 -1.50214 	 2.86309e-30 
188.365 	 3.50415e+16 	 8.29279e-12 	 2.86211e-30 	 -1.5021 	 2.86277e-30 
190.546 	 3.51204e+16 	 8.24361e-12 	 2.86181e-30 	 -1.50207 	 2.86245e-30 
192.752 	 3.51998e+16 	 8.19474e-12 	 2.86151e-30 	 -1.50203 	 2.86214e-30 
194.984 	 3.52797e+16 	 8.14619e-12 	 2.86121e-30 	 -1.502 	 2.86184e-30 
197.242 	 3.536e+16 	 8.09795e-12 	 2.86092e-30 	 -1.50196 	 2.86154e-30 
199.526 	 3.54407e+16 	 8.05002e-12 	 2.86064e-30 	 -1.50193 	 2.86124e-30 
201.837 	 3.55219e+16 	 8.00239e-12 	 2.86036e-30 	 -1.5019 	 2.86095e-30 
204.174 	 3.56035e+16 	 7.95506e-12 	 2.86008e-30 	 -1.50187 	 2.86067e-30 
206.538 	 3.56856e+16 	 7.90804e-12 	 2.85981e-30 	 -1.50183 	 2.86039e-30 
208.93 	 3.57682e+16 	 7.86131e-12 	 2.85955e-30 	 -1.5018 	 2.86011e-30 
211.349 	 3.58512e+16 	 7.81488e-12 	 2.85929e-30 	 -1.50177 	 2.85984e-30 
213.796 	 3.59347e+16 	 7.76874e-12 	 2.85903e-30 	 -1.50174 	 2.85958e-30 
216.272 	 3.60187e+16 	 7.72289e-12 	 2.85878e-30 	 -1.50171 	 2.85932e-30 
218.776 	 3.61031e+16 	 7.67734e-12 	 2.85853e-30 	 -1.50168 	 2.85906e-30 
221.309 	 3.6188e+16 	 7.63207e-12 	 2.85829e-30 	 -1.50165 	 2.85881e-30 
223.872 	 3.62734e+16 	 7.58708e-12 	 2.85805e-30 	 -1.50163 	 2.85856e-30 
226.464 	 3.63592e+16 	 7.54238e-12 	 2.85781e-30 	 -1.5016 	 2.85831e-30 
229.087 	 3.64456e+16 	 7.49796e-12 	 2.85758e-30 	 -1.50157 	 2.85807e-30 
231.739 	 3.65324e+16 	 7.45381e-12 	 2.85735e-30 	 -1.50154 	 2.85784e-30 
234.423 	 3.66197e+16 	 7.40994e-12 	 2.85713e-30 	 -1.50152 	 2.85761e-30 
237.137 	 3.67075e+16 	 7.36635e-12 	 2.85691e-30 	 -1.50149 	 2.85738e-30 
239.883 	 3.67958e+16 	 7.32303e-12 	 2.85669e-30 	 -1.50147 	 2.85716e-30 
242.661 	 3.68846e+16 	 7.27998e-12 	 2.85648e-30 	 -1.50144 	 2.85694e-30 
245.471 	 3.69739e+16 	 7.2372e-12 	 2.85627e-30 	 -1.50142 	 2.85672e-30 
248.313 	 3.70637e+16 	 7.19468e-12 	 2.85607e-30 	 -1.50139 	 2.85651e-30 
251.189 	 3.71541e+16 	 7.15243e-12 	 2.85587e-30 	 -1.50137 	 2.8563e-30 
254.097 	 3.72449e+16 	 7.11044e-12 	 2.85567e-30 	 -1.50135 	 2.85609e-30 
257.04 	 3.73362e+16 	 7.06871e-12 	 2.85547e-30 	 -1.50132 	 2.85589e-30 
260.016 	 3.7428e+16 	 7.02724e-12 	 2.85528e-30 	 -1.5013 	 2.85569e-30 
263.027 	 3.75204e+16 	 6.98602e-12 	 2.8551e-30 	 -1.50128 	 2.8555e-30 
266.073 	 3.76133e+16 	 6.94506e-12 	 2.85491e-30 	 -1.50126 	 2.85531e-30 
269.153 	 3.77067e+16 	 6.90436e-12 	 2.85473e-30 	 -1.50123 	 2.85512e-30 
272.27 	 3.78006e+16 	 6.8639e-12 	 2.85455e-30 	 -1.50121 	 2.85494e-30 
275.423 	 3.78951e+16 	 6.8237e-12 	 2.85438e-30 	 -1.50119 	 2.85475e-30 
278.612 	 3.79901e+16 	 6.78374e-12 	 2.8542e-30 	 -1.50117 	 2.85457e-30 
281.838 	 3.80857e+16 	 6.74403e-12 	 2.85403e-30 	 -1.50115 	 2.8544e-30 
285.102 	 3.81817e+16 	 6.70456e-12 	 2.85387e-30 	 -1.50113 	 2.85423e-30 
288.403 	 3.82784e+16 	 6.66533e-12 	 2.8537e-30 	 -1.50111 	 2.85406e-30 
291.743 	 3.83755e+16 	 6.62635e-12 	 2.85354e-30 	 -1.50109 	 2.85389e-30 
295.121 	 3.84733e+16 	 6.5876e-12 	 2.85338e-30 	 -1.50108 	 2.85373e-30 
298.538 	 3.85715e+16 	 6.54909e-12 	 2.85323e-30 	 -1.50106 	 2.85356e-30 
301.995 	 3.86704e+16 	 6.51082e-12 	 2.85308e-30 	 -1.50104 	 2.85341e-30 
305.492 	 3.87698e+16 	 6.47278e-12 	 2.85293e-30 	 -1.50102 	 2.85325e-30 
309.03 	 3.88697e+16 	 6.43497e-12 	 2.85278e-30 	 -1.501 	 2.8531e-30 
312.608 	 3.89703e+16 	 6.39739e-12 	 2.85263e-30 	 -1.50099 	 2.85295e-30 
316.228 	 3.90713e+16 	 6.36005e-12 	 2.85249e-30 	 -1.50097 	 2.8528e-30 
319.89 	 3.9173e+16 	 6.32293e-12 	 2.85235e-30 	 -1.50095 	 2.85265e-30 
323.594 	 3.92753e+16 	 6.28603e-12 	 2.85221e-30 	 -1.50094 	 2.85251e-30 
327.341 	 3.93781e+16 	 6.24936e-12 	 2.85208e-30 	 -1.50092 	 2.85237e-30 
331.131 	 3.94815e+16 	 6.21291e-12 	 2.85195e-30 	 -1.5009 	 2.85223e-30 
334.965 	 3.95855e+16 	 6.17669e-12 	 2.85181e-30 	 -1.50089 	 2.8521e-30 
338.844 	 3.96901e+16 	 6.14068e-12 	 2.85169e-30 	 -1.50087 	 2.85197e-30 
342.768 	 3.97953e+16 	 6.10489e-12 	 2.85156e-30 	 -1.50086 	 2.85183e-30 
346.737 	 3.9901e+16 	 6.06932e-12 	 2.85144e-30 	 -1.50084 	 2.85171e-30 
350.752 	 4.00074e+16 	 6.03396e-12 	 2.85131e-30 	 -1.50083 	 2.85158e-30 
354.813 	 4.01144e+16 	 5.99882e-12 	 2.85119e-30 	 -1.50082 	 2.85145e-30 
358.922 	 4.0222e+16 	 5.96389e-12 	 2.85108e-30 	 -1.5008 	 2.85133e-30 
363.078 	 4.03302e+16 	 5.92917e-12 	 2.85096e-30 	 -1.50079 	 2.85121e-30 
367.282 	 4.0439e+16 	 5.89466e-12 	 2.85085e-30 	 -1.50077 	 2.85109e-30 
371.535 	 4.05485e+16 	 5.86036e-12 	 2.85074e-30 	 -1.50076 	 2.85098e-30 
375.837 	 4.06586e+16 	 5.82627e-12 	 2.85063e-30 	 -1.50075 	 2.85086e-30 
380.189 	 4.07692e+16 	 5.79238e-12 	 2.85052e-30 	 -1.50074 	 2.85075e-30 
384.592 	 4.08806e+16 	 5.75869e-12 	 2.85041e-30 	 -1.50072 	 2.85064e-30 
389.045 	 4.09925e+16 	 5.72521e-12 	 2.85031e-30 	 -1.50071 	 2.85053e-30 
393.55 	 4.11051e+16 	 5.69192e-12 	 2.8502e-30 	 -1.5007 	 2.85043e-30 
398.107 	 4.12184e+16 	 5.65884e-12 	 2.8501e-30 	 -1.50069 	 2.85032e-30 
402.717 	 4.13322e+16 	 5.62596e-12 	 2.85e-30 	 -1.50067 	 2.85022e-30 
407.38 	 4.14468e+16 	 5.59327e-12 	 2.84991e-30 	 -1.50066 	 2.85012e-30 
412.098 	 4.1562e+16 	 5.56078e-12 	 2.84981e-30 	 -1.50065 	 2.85002e-30 
416.869 	 4.16778e+16 	 5.52848e-12 	 2.84972e-30 	 -1.50064 	 2.84992e-30 
421.697 	 4.17943e+16 	 5.49638e-12 	 2.84962e-30 	 -1.50063 	 2.84983e-30 
426.58 	 4.19115e+16 	 5.46447e-12 	 2.84953e-30 	 -1.50062 	 2.84973e-30 
431.519 	 4.20293e+16 	 5.43275e-12 	 2.84944e-30 	 -1.50061 	 2.84964e-30 
436.516 	 4.21478e+16 	 5.40122e-12 	 2.84936e-30 	 -1.5006 	 2.84955e-30 
441.57 	 4.2267e+16 	 5.36988e-12 	 2.84927e-30 	 -1.50059 	 2.84946e-30 
446.684 	 4.23869e+16 	 5.33872e-12 	 2.84919e-30 	 -1.50058 	 2.84937e-30 
451.856 	 4.25074e+16 	 5.30775e-12 	 2.8491e-30 	 -1.50057 	 2.84928e-30 
457.088 	 4.26287e+16 	 5.27696e-12 	 2.84902e-30 	 -1.50056 	 2.8492e-30 
462.381 	 4.27506e+16 	 5.24636e-12 	 2.84894e-30 	 -1.50055 	 2.84912e-30 
467.735 	 4.28732e+16 	 5.21594e-12 	 2.84886e-30 	 -1.50054 	 2.84903e-30 
473.151 	 4.29966e+16 	 5.1857e-12 	 2.84878e-30 	 -1.50053 	 2.84895e-30 
478.63 	 4.31206e+16 	 5.15565e-12 	 2.84871e-30 	 -1.50052 	 2.84887e-30 
484.172 	 4.32453e+16 	 5.12577e-12 	 2.84863e-30 	 -1.50051 	 2.84879e-30 
489.779 	 4.33708e+16 	 5.09606e-12 	 2.84856e-30 	 -1.5005 	 2.84872e-30 
495.45 	 4.3497e+16 	 5.06654e-12 	 2.84848e-30 	 -1.50049 	 2.84864e-30 
501.187 	 4.36239e+16 	 5.03719e-12 	 2.84841e-30 	 -1.50049 	 2.84857e-30 
506.991 	 4.37515e+16 	 5.00801e-12 	 2.84834e-30 	 -1.50048 	 2.8485e-30 
512.861 	 4.38798e+16 	 4.97901e-12 	 2.84827e-30 	 -1.50047 	 2.84842e-30 
518.8 	 4.40089e+16 	 4.95017e-12 	 2.84821e-30 	 -1.50046 	 2.84835e-30 
524.807 	 4.41387e+16 	 4.92151e-12 	 2.84814e-30 	 -1.50045 	 2.84829e-30 
530.884 	 4.42693e+16 	 4.89302e-12 	 2.84807e-30 	 -1.50045 	 2.84822e-30 
537.032 	 4.44006e+16 	 4.8647e-12 	 2.84801e-30 	 -1.50044 	 2.84815e-30 
543.25 	 4.45327e+16 	 4.83654e-12 	 2.84795e-30 	 -1.50043 	 2.84808e-30 
549.541 	 4.46655e+16 	 4.80856e-12 	 2.84788e-30 	 -1.50042 	 2.84802e-30 
555.904 	 4.47991e+16 	 4.78073e-12 	 2.84782e-30 	 -1.50042 	 2.84796e-30 
562.341 	 4.49334e+16 	 4.75307e-12 	 2.84776e-30 	 -1.50041 	 2.84789e-30 
568.853 	 4.50686e+16 	 4.72558e-12 	 2.8477e-30 	 -1.5004 	 2.84783e-30 
575.44 	 4.52045e+16 	 4.69824e-12 	 2.84765e-30 	 -1.5004 	 2.84777e-30 
582.103 	 4.53411e+16 	 4.67107e-12 	 2.84759e-30 	 -1.50039 	 2.84771e-30 
588.844 	 4.54786e+16 	 4.64406e-12 	 2.84753e-30 	 -1.50038 	 2.84766e-30 
595.662 	 4.56168e+16 	 4.61721e-12 	 2.84748e-30 	 -1.50038 	 2.8476e-30 
602.56 	 4.57559e+16 	 4.59051e-12 	 2.84742e-30 	 -1.50037 	 2.84754e-30 
609.537 	 4.58957e+16 	 4.56398e-12 	 2.84737e-30 	 -1.50036 	 2.84749e-30 
616.595 	 4.60363e+16 	 4.5376e-12 	 2.84732e-30 	 -1.50036 	 2.84743e-30 
623.735 	 4.61778e+16 	 4.51137e-12 	 2.84727e-30 	 -1.50035 	 2.84738e-30 
630.957 	 4.632e+16 	 4.4853e-12 	 2.84722e-30 	 -1.50034 	 2.84733e-30 
638.263 	 4.64631e+16 	 4.45938e-12 	 2.84717e-30 	 -1.50034 	 2.84728e-30 
645.654 	 4.66069e+16 	 4.43362e-12 	 2.84712e-30 	 -1.50033 	 2.84723e-30 
653.131 	 4.67517e+16 	 4.408e-12 	 2.84707e-30 	 -1.50033 	 2.84718e-30 
660.693 	 4.68972e+16 	 4.38254e-12 	 2.84702e-30 	 -1.50032 	 2.84713e-30 
668.344 	 4.70436e+16 	 4.35723e-12 	 2.84698e-30 	 -1.50032 	 2.84708e-30 
676.083 	 4.71908e+16 	 4.33206e-12 	 2.84693e-30 	 -1.50031 	 2.84703e-30 
683.912 	 4.73388e+16 	 4.30704e-12 	 2.84689e-30 	 -1.50031 	 2.84698e-30 
691.831 	 4.74878e+16 	 4.28217e-12 	 2.84684e-30 	 -1.5003 	 2.84694e-30 
699.842 	 4.76375e+16 	 4.25745e-12 	 2.8468e-30 	 -1.50029 	 2.84689e-30 
707.946 	 4.77881e+16 	 4.23287e-12 	 2.84676e-30 	 -1.50029 	 2.84685e-30 
716.143 	 4.79396e+16 	 4.20843e-12 	 2.84671e-30 	 -1.50028 	 2.84681e-30 
724.436 	 4.8092e+16 	 4.18414e-12 	 2.84667e-30 	 -1.50028 	 2.84676e-30 
732.825 	 4.82452e+16 	 4.15999e-12 	 2.84663e-30 	 -1.50028 	 2.84672e-30 
741.31 	 4.83993e+16 	 4.13598e-12 	 2.84659e-30 	 -1.50027 	 2.84668e-30 
749.894 	 4.85543e+16 	 4.11211e-12 	 2.84655e-30 	 -1.50027 	 2.84664e-30 
758.578 	 4.87102e+16 	 4.08839e-12 	 2.84652e-30 	 -1.50026 	 2.8466e-30 
767.361 	 4.8867e+16 	 4.0648e-12 	 2.84648e-30 	 -1.50026 	 2.84656e-30 
776.247 	 4.90247e+16 	 4.04134e-12 	 2.84644e-30 	 -1.50025 	 2.84652e-30 
785.236 	 4.91833e+16 	 4.01803e-12 	 2.84641e-30 	 -1.50025 	 2.84649e-30 
794.328 	 4.93428e+16 	 3.99485e-12 	 2.84637e-30 	 -1.50024 	 2.84645e-30 
803.526 	 4.95032e+16 	 3.97181e-12 	 2.84633e-30 	 -1.50024 	 2.84641e-30 
812.831 	 4.96645e+16 	 3.9489e-12 	 2.8463e-30 	 -1.50024 	 2.84638e-30 
822.243 	 4.98268e+16 	 3.92613e-12 	 2.84627e-30 	 -1.50023 	 2.84634e-30 
831.764 	 4.999e+16 	 3.90348e-12 	 2.84623e-30 	 -1.50023 	 2.84631e-30 
841.395 	 5.01541e+16 	 3.88098e-12 	 2.8462e-30 	 -1.50022 	 2.84627e-30 
851.138 	 5.03192e+16 	 3.8586e-12 	 2.84617e-30 	 -1.50022 	 2.84624e-30 
860.994 	 5.04852e+16 	 3.83635e-12 	 2.84614e-30 	 -1.50022 	 2.84621e-30 
870.964 	 5.06522e+16 	 3.81423e-12 	 2.8461e-30 	 -1.50021 	 2.84617e-30 
881.049 	 5.08201e+16 	 3.79225e-12 	 2.84607e-30 	 -1.50021 	 2.84614e-30 
891.251 	 5.0989e+16 	 3.77039e-12 	 2.84604e-30 	 -1.50021 	 2.84611e-30 
901.571 	 5.11589e+16 	 3.74865e-12 	 2.84601e-30 	 -1.5002 	 2.84608e-30 
912.011 	 5.13297e+16 	 3.72705e-12 	 2.84599e-30 	 -1.5002 	 2.84605e-30 
922.571 	 5.15016e+16 	 3.70557e-12 	 2.84596e-30 	 -1.50019 	 2.84602e-30 
933.254 	 5.16744e+16 	 3.68421e-12 	 2.84593e-30 	 -1.50019 	 2.84599e-30 
944.061 	 5.18482e+16 	 3.66298e-12 	 2.8459e-30 	 -1.50019 	 2.84596e-30 
954.993 	 5.2023e+16 	 3.64187e-12 	 2.84587e-30 	 -1.50019 	 2.84593e-30 
966.051 	 5.21988e+16 	 3.62089e-12 	 2.84585e-30 	 1.9923 	 2.84591e-30 
977.237 	 5.23757e+16 	 3.60003e-12 	 2.84595e-30 	 5.65238 	 2.84588e-30 
988.553 	 5.25535e+16 	 3.58963e-12 	 2.84606e-30 	 5.81997 	 2.84585e-30 
