0.01 	 0 	 3.00413e-09 	 7.41392e-25 	 -1.35332 
0.0101158 	 3.28134e+11 	 3.00285e-09 	 7.2993e-25 	 -1.6406 
0.0102329 	 6.59785e+11 	 3.00028e-09 	 7.13908e-25 	 -1.51957 
0.0103514 	 9.94987e+11 	 2.99768e-09 	 7.04832e-25 	 -1.11233 
0.0104713 	 1.33378e+12 	 2.99505e-09 	 6.95855e-25 	 -1.11382 
0.0105925 	 1.67619e+12 	 2.9924e-09 	 6.86986e-25 	 -1.11462 
0.0107152 	 2.02225e+12 	 2.98973e-09 	 6.78223e-25 	 -1.11583 
0.0108393 	 2.37201e+12 	 2.98703e-09 	 6.6956e-25 	 -1.11736 
0.0109648 	 2.7255e+12 	 2.9843e-09 	 6.60996e-25 	 -1.1185 
0.0110917 	 3.08275e+12 	 2.98154e-09 	 6.52536e-25 	 -1.11961 
0.0112202 	 3.4438e+12 	 2.97876e-09 	 6.44174e-25 	 -1.12108 
0.0113501 	 3.8087e+12 	 2.97595e-09 	 6.35907e-25 	 -1.12237 
0.0114815 	 4.17746e+12 	 2.97311e-09 	 6.27739e-25 	 -1.12354 
0.0116145 	 4.55014e+12 	 2.97025e-09 	 6.19667e-25 	 -1.12494 
0.011749 	 4.92677e+12 	 2.96735e-09 	 6.11688e-25 	 -1.12633 
0.011885 	 5.30739e+12 	 2.96443e-09 	 6.03803e-25 	 -1.12762 
0.0120226 	 5.69203e+12 	 2.96148e-09 	 5.9601e-25 	 -1.12891 
0.0121619 	 6.08074e+12 	 2.9585e-09 	 5.88309e-25 	 -1.13033 
0.0123027 	 6.47356e+12 	 2.9555e-09 	 5.80698e-25 	 -1.13179 
0.0124451 	 6.87051e+12 	 2.95246e-09 	 5.73176e-25 	 -1.13319 
0.0125893 	 7.27165e+12 	 2.94939e-09 	 5.65742e-25 	 -1.13449 
0.012735 	 7.677e+12 	 2.9463e-09 	 5.58397e-25 	 -1.1359 
0.0128825 	 8.08662e+12 	 2.94317e-09 	 5.51137e-25 	 -1.13743 
0.0130317 	 8.50054e+12 	 2.94002e-09 	 5.43962e-25 	 -1.13888 
0.0131826 	 8.91881e+12 	 2.93683e-09 	 5.36872e-25 	 -1.14034 
0.0133352 	 9.34145e+12 	 2.93362e-09 	 5.29865e-25 	 -1.14184 
0.0134896 	 9.76852e+12 	 2.93037e-09 	 5.22941e-25 	 -1.14331 
0.0136458 	 1.02001e+13 	 2.9271e-09 	 5.16098e-25 	 -1.1448 
0.0138038 	 1.06361e+13 	 2.92379e-09 	 5.09336e-25 	 -1.14633 
0.0139637 	 1.10767e+13 	 2.92045e-09 	 5.02654e-25 	 -1.1479 
0.0141254 	 1.15219e+13 	 2.91708e-09 	 4.9605e-25 	 -1.14946 
0.0142889 	 1.19717e+13 	 2.91368e-09 	 4.89524e-25 	 -1.15103 
0.0144544 	 1.24261e+13 	 2.91024e-09 	 4.83076e-25 	 -1.15261 
0.0146218 	 1.28854e+13 	 2.90678e-09 	 4.76703e-25 	 -1.15419 
0.0147911 	 1.33493e+13 	 2.90328e-09 	 4.70406e-25 	 -1.15583 
0.0149624 	 1.38181e+13 	 2.89974e-09 	 4.64184e-25 	 -1.15749 
0.0151356 	 1.42917e+13 	 2.89618e-09 	 4.58035e-25 	 -1.15911 
0.0153109 	 1.47702e+13 	 2.89258e-09 	 4.51959e-25 	 -1.16075 
0.0154882 	 1.52537e+13 	 2.88895e-09 	 4.45955e-25 	 -1.16246 
0.0156675 	 1.57421e+13 	 2.88529e-09 	 4.40022e-25 	 -1.16417 
0.0158489 	 1.62355e+13 	 2.88159e-09 	 4.34159e-25 	 -1.16586 
0.0160325 	 1.67341e+13 	 2.87785e-09 	 4.28367e-25 	 -1.16759 
0.0162181 	 1.72377e+13 	 2.87409e-09 	 4.22643e-25 	 -1.16934 
0.0164059 	 1.77465e+13 	 2.87029e-09 	 4.16987e-25 	 -1.1711 
0.0165959 	 1.82605e+13 	 2.86645e-09 	 4.11398e-25 	 -1.17289 
0.016788 	 1.87798e+13 	 2.86258e-09 	 4.05876e-25 	 -1.17468 
0.0169824 	 1.93043e+13 	 2.85867e-09 	 4.0042e-25 	 -1.17648 
0.0171791 	 1.98342e+13 	 2.85473e-09 	 3.95029e-25 	 -1.17831 
0.017378 	 2.03695e+13 	 2.85075e-09 	 3.89702e-25 	 -1.18017 
0.0175792 	 2.09103e+13 	 2.84674e-09 	 3.84438e-25 	 -1.18202 
0.0177828 	 2.14565e+13 	 2.84269e-09 	 3.79238e-25 	 -1.1839 
0.0179887 	 2.20082e+13 	 2.83861e-09 	 3.741e-25 	 -1.1858 
0.018197 	 2.25656e+13 	 2.83448e-09 	 3.69024e-25 	 -1.18772 
0.0184077 	 2.31286e+13 	 2.83032e-09 	 3.64008e-25 	 -1.18965 
0.0186209 	 2.36972e+13 	 2.82613e-09 	 3.59052e-25 	 -1.1916 
0.0188365 	 2.42716e+13 	 2.82189e-09 	 3.54156e-25 	 -1.19357 
0.0190546 	 2.48518e+13 	 2.81762e-09 	 3.49319e-25 	 -1.19556 
0.0192752 	 2.54377e+13 	 2.81332e-09 	 3.4454e-25 	 -1.19756 
0.0194984 	 2.60296e+13 	 2.80897e-09 	 3.39818e-25 	 -1.19958 
0.0197242 	 2.66274e+13 	 2.80459e-09 	 3.35153e-25 	 -1.20162 
0.0199526 	 2.72311e+13 	 2.80016e-09 	 3.30545e-25 	 -1.20368 
0.0201837 	 2.78409e+13 	 2.7957e-09 	 3.25992e-25 	 -1.20576 
0.0204174 	 2.84568e+13 	 2.7912e-09 	 3.21494e-25 	 -1.20786 
0.0206538 	 2.90787e+13 	 2.78666e-09 	 3.1705e-25 	 -1.20997 
0.020893 	 2.97069e+13 	 2.78209e-09 	 3.1266e-25 	 -1.21211 
0.0211349 	 3.03413e+13 	 2.77747e-09 	 3.08324e-25 	 -1.21426 
0.0213796 	 3.09819e+13 	 2.77281e-09 	 3.0404e-25 	 -1.21643 
0.0216272 	 3.16289e+13 	 2.76812e-09 	 2.99808e-25 	 -1.21862 
0.0218776 	 3.22822e+13 	 2.76338e-09 	 2.95627e-25 	 -1.22084 
0.0221309 	 3.2942e+13 	 2.7586e-09 	 2.91497e-25 	 -1.22307 
0.0223872 	 3.36083e+13 	 2.75379e-09 	 2.87418e-25 	 -1.22532 
0.0226464 	 3.42811e+13 	 2.74893e-09 	 2.83388e-25 	 -1.22759 
0.0229087 	 3.49604e+13 	 2.74403e-09 	 2.79407e-25 	 -1.22988 
0.0231739 	 3.56465e+13 	 2.73909e-09 	 2.75475e-25 	 -1.23218 
0.0234423 	 3.63392e+13 	 2.73411e-09 	 2.71591e-25 	 -1.23451 
0.0237137 	 3.70386e+13 	 2.72909e-09 	 2.67755e-25 	 -1.23686 
0.0239883 	 3.77448e+13 	 2.72403e-09 	 2.63965e-25 	 -1.23923 
0.0242661 	 3.84579e+13 	 2.71892e-09 	 2.60222e-25 	 -1.24162 
0.0245471 	 3.91779e+13 	 2.71378e-09 	 2.56526e-25 	 -1.24403 
0.0248313 	 3.99048e+13 	 2.70859e-09 	 2.52874e-25 	 -1.24646 
0.0251189 	 4.06388e+13 	 2.70336e-09 	 2.49268e-25 	 -1.24891 
0.0254097 	 4.13798e+13 	 2.69808e-09 	 2.45706e-25 	 -1.25139 
0.025704 	 4.21279e+13 	 2.69277e-09 	 2.42188e-25 	 -1.25388 
0.0260016 	 4.28831e+13 	 2.68741e-09 	 2.38713e-25 	 -1.25639 
0.0263027 	 4.36456e+13 	 2.68201e-09 	 2.35282e-25 	 -1.25893 
0.0266073 	 4.44154e+13 	 2.67656e-09 	 2.31893e-25 	 -1.26148 
0.0269153 	 4.51924e+13 	 2.67107e-09 	 2.28546e-25 	 -1.26406 
0.027227 	 4.59769e+13 	 2.66554e-09 	 2.25241e-25 	 -1.26666 
0.0275423 	 4.67688e+13 	 2.65997e-09 	 2.21976e-25 	 -1.26927 
0.0278612 	 4.75682e+13 	 2.65435e-09 	 2.18753e-25 	 -1.27191 
0.0281838 	 4.83751e+13 	 2.64869e-09 	 2.1557e-25 	 -1.27458 
0.0285102 	 4.91896e+13 	 2.64298e-09 	 2.12426e-25 	 -1.27726 
0.0288403 	 5.00118e+13 	 2.63723e-09 	 2.09322e-25 	 -1.27996 
0.0291743 	 5.08416e+13 	 2.63144e-09 	 2.06257e-25 	 -1.28269 
0.0295121 	 5.16792e+13 	 2.6256e-09 	 2.0323e-25 	 -1.28544 
0.0298538 	 5.25247e+13 	 2.61972e-09 	 2.00242e-25 	 -1.2882 
0.0301995 	 5.3378e+13 	 2.61379e-09 	 1.97291e-25 	 -1.291 
0.0305492 	 5.42392e+13 	 2.60782e-09 	 1.94377e-25 	 -1.29381 
0.030903 	 5.51083e+13 	 2.6018e-09 	 1.915e-25 	 -1.29664 
0.0312608 	 5.59856e+13 	 2.59574e-09 	 1.88659e-25 	 -1.2995 
0.0316228 	 5.68708e+13 	 2.58963e-09 	 1.85855e-25 	 -1.30238 
0.031989 	 5.77643e+13 	 2.58348e-09 	 1.83086e-25 	 -1.30528 
0.0323594 	 5.86659e+13 	 2.57728e-09 	 1.80352e-25 	 -1.3082 
0.0327341 	 5.95757e+13 	 2.57104e-09 	 1.77653e-25 	 -1.31114 
0.0331131 	 6.04939e+13 	 2.56475e-09 	 1.74988e-25 	 -1.31411 
0.0334965 	 6.14204e+13 	 2.55842e-09 	 1.72358e-25 	 -1.3171 
0.0338844 	 6.23553e+13 	 2.55204e-09 	 1.69761e-25 	 -1.32011 
0.0342768 	 6.32986e+13 	 2.54561e-09 	 1.67198e-25 	 -1.32314 
0.0346737 	 6.42505e+13 	 2.53914e-09 	 1.64667e-25 	 -1.3262 
0.0350752 	 6.52109e+13 	 2.53263e-09 	 1.62169e-25 	 -1.32927 
0.0354813 	 6.61799e+13 	 2.52606e-09 	 1.59703e-25 	 -1.33237 
0.0358922 	 6.71577e+13 	 2.51946e-09 	 1.57269e-25 	 -1.33549 
0.0363078 	 6.81441e+13 	 2.5128e-09 	 1.54867e-25 	 -1.33864 
0.0367282 	 6.91393e+13 	 2.5061e-09 	 1.52496e-25 	 -1.3418 
0.0371535 	 7.01433e+13 	 2.49936e-09 	 1.50155e-25 	 -1.34499 
0.0375837 	 7.11562e+13 	 2.49257e-09 	 1.47845e-25 	 -1.3482 
0.0380189 	 7.21781e+13 	 2.48573e-09 	 1.45566e-25 	 -1.35143 
0.0384592 	 7.32089e+13 	 2.47885e-09 	 1.43316e-25 	 -1.35468 
0.0389045 	 7.42488e+13 	 2.47192e-09 	 1.41095e-25 	 -1.35796 
0.039355 	 7.52977e+13 	 2.46495e-09 	 1.38904e-25 	 -1.36126 
0.0398107 	 7.63558e+13 	 2.45793e-09 	 1.36741e-25 	 -1.36458 
0.0402717 	 7.74231e+13 	 2.45086e-09 	 1.34607e-25 	 -1.36792 
0.040738 	 7.84996e+13 	 2.44375e-09 	 1.32501e-25 	 -1.37128 
0.0412098 	 7.95855e+13 	 2.43659e-09 	 1.30423e-25 	 -1.37467 
0.0416869 	 8.06806e+13 	 2.42939e-09 	 1.28373e-25 	 -1.37807 
0.0421697 	 8.17852e+13 	 2.42214e-09 	 1.2635e-25 	 -1.3815 
0.042658 	 8.28991e+13 	 2.41485e-09 	 1.24354e-25 	 -1.38495 
0.0431519 	 8.40226e+13 	 2.40751e-09 	 1.22384e-25 	 -1.38842 
0.0436516 	 8.51556e+13 	 2.40012e-09 	 1.20441e-25 	 -1.39191 
0.044157 	 8.62982e+13 	 2.39269e-09 	 1.18524e-25 	 -1.39542 
0.0446684 	 8.74505e+13 	 2.38522e-09 	 1.16633e-25 	 -1.39895 
0.0451856 	 8.86124e+13 	 2.37769e-09 	 1.14767e-25 	 -1.40251 
0.0457088 	 8.9784e+13 	 2.37013e-09 	 1.12926e-25 	 -1.40608 
0.0462381 	 9.09655e+13 	 2.36252e-09 	 1.11111e-25 	 -1.40968 
0.0467735 	 9.21567e+13 	 2.35486e-09 	 1.0932e-25 	 -1.41329 
0.0473151 	 9.33579e+13 	 2.34716e-09 	 1.07553e-25 	 -1.41693 
0.047863 	 9.45689e+13 	 2.33942e-09 	 1.05811e-25 	 -1.42058 
0.0484172 	 9.57899e+13 	 2.33163e-09 	 1.04092e-25 	 -1.42426 
0.0489779 	 9.70209e+13 	 2.32379e-09 	 1.02397e-25 	 -1.42795 
0.049545 	 9.8262e+13 	 2.31591e-09 	 1.00725e-25 	 -1.43166 
0.0501187 	 9.95132e+13 	 2.30799e-09 	 9.90763e-26 	 -1.4354 
0.0506991 	 1.00774e+14 	 2.30003e-09 	 9.74504e-26 	 -1.43915 
0.0512861 	 1.02046e+14 	 2.29202e-09 	 9.5847e-26 	 -1.44292 
0.05188 	 1.03328e+14 	 2.28397e-09 	 9.42659e-26 	 -1.4467 
0.0524807 	 1.0462e+14 	 2.27587e-09 	 9.27068e-26 	 -1.45051 
0.0530884 	 1.05922e+14 	 2.26773e-09 	 9.11695e-26 	 -1.45433 
0.0537032 	 1.07235e+14 	 2.25955e-09 	 8.96537e-26 	 -1.45817 
0.054325 	 1.08558e+14 	 2.25133e-09 	 8.81592e-26 	 -1.46203 
0.0549541 	 1.09891e+14 	 2.24307e-09 	 8.66858e-26 	 -1.4659 
0.0555904 	 1.11235e+14 	 2.23476e-09 	 8.52332e-26 	 -1.4698 
0.0562341 	 1.12589e+14 	 2.22641e-09 	 8.38011e-26 	 -1.4737 
0.0568853 	 1.13954e+14 	 2.21802e-09 	 8.23894e-26 	 -1.47762 
0.057544 	 1.1533e+14 	 2.20959e-09 	 8.09979e-26 	 -1.48156 
0.0582103 	 1.16716e+14 	 2.20112e-09 	 7.96262e-26 	 -1.48551 
0.0588844 	 1.18113e+14 	 2.19261e-09 	 7.82742e-26 	 -1.48948 
0.0595662 	 1.1952e+14 	 2.18406e-09 	 7.69416e-26 	 -1.49346 
0.060256 	 1.20939e+14 	 2.17547e-09 	 7.56282e-26 	 -1.49745 
0.0609537 	 1.22368e+14 	 2.16684e-09 	 7.43338e-26 	 -1.50146 
0.0616595 	 1.23807e+14 	 2.15817e-09 	 7.30582e-26 	 -1.50548 
0.0623735 	 1.25258e+14 	 2.14946e-09 	 7.18012e-26 	 -1.50951 
0.0630957 	 1.26719e+14 	 2.14071e-09 	 7.05625e-26 	 -1.51356 
0.0638263 	 1.28192e+14 	 2.13193e-09 	 6.9342e-26 	 -1.51761 
0.0645654 	 1.29675e+14 	 2.12311e-09 	 6.81394e-26 	 -1.52167 
0.0653131 	 1.31169e+14 	 2.11425e-09 	 6.69545e-26 	 -1.52575 
0.0660693 	 1.32674e+14 	 2.10536e-09 	 6.57871e-26 	 -1.52983 
0.0668344 	 1.3419e+14 	 2.09643e-09 	 6.4637e-26 	 -1.53392 
0.0676083 	 1.35717e+14 	 2.08746e-09 	 6.3504e-26 	 -1.53802 
0.0683912 	 1.37256e+14 	 2.07846e-09 	 6.2388e-26 	 -1.54213 
0.0691831 	 1.38805e+14 	 2.06942e-09 	 6.12886e-26 	 -1.54625 
0.0699842 	 1.40365e+14 	 2.06035e-09 	 6.02058e-26 	 -1.55037 
0.0707946 	 1.41937e+14 	 2.05125e-09 	 5.91393e-26 	 -1.55449 
0.0716143 	 1.43519e+14 	 2.04211e-09 	 5.80889e-26 	 -1.55863 
0.0724436 	 1.45113e+14 	 2.03294e-09 	 5.70545e-26 	 -1.56276 
0.0732825 	 1.46718e+14 	 2.02374e-09 	 5.60358e-26 	 -1.5669 
0.074131 	 1.48335e+14 	 2.0145e-09 	 5.50327e-26 	 -1.57104 
0.0749894 	 1.49962e+14 	 2.00524e-09 	 5.4045e-26 	 -1.57518 
0.0758578 	 1.51601e+14 	 1.99594e-09 	 5.30725e-26 	 -1.57933 
0.0767361 	 1.53251e+14 	 1.98661e-09 	 5.21149e-26 	 -1.58347 
0.0776247 	 1.54912e+14 	 1.97726e-09 	 5.11722e-26 	 -1.58761 
0.0785236 	 1.56584e+14 	 1.96787e-09 	 5.02442e-26 	 -1.59176 
0.0794328 	 1.58268e+14 	 1.95846e-09 	 4.93307e-26 	 -1.5959 
0.0803526 	 1.59963e+14 	 1.94902e-09 	 4.84314e-26 	 -1.60003 
0.0812831 	 1.6167e+14 	 1.93955e-09 	 4.75463e-26 	 -1.60416 
0.0822243 	 1.63387e+14 	 1.93006e-09 	 4.66751e-26 	 -1.60829 
0.0831764 	 1.65117e+14 	 1.92054e-09 	 4.58177e-26 	 -1.61241 
0.0841395 	 1.66857e+14 	 1.91099e-09 	 4.4974e-26 	 -1.61653 
0.0851138 	 1.68609e+14 	 1.90142e-09 	 4.41437e-26 	 -1.62064 
0.0860994 	 1.70372e+14 	 1.89183e-09 	 4.33266e-26 	 -1.62473 
0.0870964 	 1.72147e+14 	 1.88222e-09 	 4.25227e-26 	 -1.62882 
0.0881049 	 1.73933e+14 	 1.87258e-09 	 4.17318e-26 	 -1.6329 
0.0891251 	 1.7573e+14 	 1.86292e-09 	 4.09536e-26 	 -1.63697 
0.0901571 	 1.77539e+14 	 1.85324e-09 	 4.01881e-26 	 -1.64102 
0.0912011 	 1.79359e+14 	 1.84353e-09 	 3.9435e-26 	 -1.64506 
0.0922571 	 1.81191e+14 	 1.83381e-09 	 3.86943e-26 	 -1.64908 
0.0933254 	 1.83034e+14 	 1.82407e-09 	 3.79657e-26 	 -1.65309 
0.0944061 	 1.84888e+14 	 1.81432e-09 	 3.72491e-26 	 -1.65708 
0.0954993 	 1.86754e+14 	 1.80454e-09 	 3.65443e-26 	 -1.66106 
0.0966051 	 1.88632e+14 	 1.79475e-09 	 3.58513e-26 	 -1.66501 
0.0977237 	 1.9052e+14 	 1.78494e-09 	 3.51698e-26 	 -1.66895 
0.0988553 	 1.9242e+14 	 1.77512e-09 	 3.44997e-26 	 -1.67287 
0.1 	 1.94332e+14 	 1.76528e-09 	 3.38409e-26 	 -1.67676 
0.101158 	 1.96254e+14 	 1.75543e-09 	 3.31931e-26 	 -1.68063 
0.102329 	 1.98189e+14 	 1.74557e-09 	 3.25563e-26 	 -1.68447 
0.103514 	 2.00134e+14 	 1.7357e-09 	 3.19303e-26 	 -1.68829 
0.104713 	 2.02091e+14 	 1.72581e-09 	 3.1315e-26 	 -1.69209 
0.105925 	 2.04059e+14 	 1.71592e-09 	 3.07102e-26 	 -1.69586 
0.107152 	 2.06039e+14 	 1.70601e-09 	 3.01157e-26 	 -1.69959 
0.108393 	 2.0803e+14 	 1.6961e-09 	 2.95316e-26 	 -1.7033 
0.109648 	 2.10032e+14 	 1.68618e-09 	 2.89575e-26 	 -1.70698 
0.110917 	 2.12046e+14 	 1.67625e-09 	 2.83933e-26 	 -1.71063 
0.112202 	 2.1407e+14 	 1.66632e-09 	 2.7839e-26 	 -1.71425 
0.113501 	 2.16106e+14 	 1.65638e-09 	 2.72944e-26 	 -1.71783 
0.114815 	 2.18154e+14 	 1.64644e-09 	 2.67594e-26 	 -1.72138 
0.116145 	 2.20212e+14 	 1.63649e-09 	 2.62337e-26 	 -1.72489 
0.11749 	 2.22282e+14 	 1.62655e-09 	 2.57174e-26 	 -1.72837 
0.11885 	 2.24363e+14 	 1.6166e-09 	 2.52102e-26 	 -1.73181 
0.120226 	 2.26455e+14 	 1.60665e-09 	 2.47121e-26 	 -1.73522 
0.121619 	 2.28559e+14 	 1.5967e-09 	 2.42228e-26 	 -1.73858 
0.123027 	 2.30673e+14 	 1.58675e-09 	 2.37423e-26 	 -1.74191 
0.124451 	 2.32799e+14 	 1.5768e-09 	 2.32705e-26 	 -1.7452 
0.125893 	 2.34935e+14 	 1.56686e-09 	 2.28072e-26 	 -1.74844 
0.12735 	 2.37083e+14 	 1.55692e-09 	 2.23522e-26 	 -1.75165 
0.128825 	 2.39242e+14 	 1.54698e-09 	 2.19056e-26 	 -1.75481 
0.130317 	 2.41412e+14 	 1.53705e-09 	 2.14671e-26 	 -1.75794 
0.131826 	 2.43592e+14 	 1.52713e-09 	 2.10366e-26 	 -1.76102 
0.133352 	 2.45784e+14 	 1.51721e-09 	 2.0614e-26 	 -1.76405 
0.134896 	 2.47987e+14 	 1.5073e-09 	 2.01992e-26 	 -1.76705 
0.136458 	 2.50201e+14 	 1.4974e-09 	 1.97921e-26 	 -1.77 
0.138038 	 2.52425e+14 	 1.48751e-09 	 1.93925e-26 	 -1.77291 
0.139637 	 2.5466e+14 	 1.47763e-09 	 1.90004e-26 	 -1.77577 
0.141254 	 2.56907e+14 	 1.46777e-09 	 1.86156e-26 	 -1.77859 
0.142889 	 2.59164e+14 	 1.45791e-09 	 1.8238e-26 	 -1.78137 
0.144544 	 2.61431e+14 	 1.44807e-09 	 1.78675e-26 	 -1.7841 
0.146218 	 2.6371e+14 	 1.43824e-09 	 1.7504e-26 	 -1.78679 
0.147911 	 2.65999e+14 	 1.42843e-09 	 1.71473e-26 	 -1.78943 
0.149624 	 2.68299e+14 	 1.41863e-09 	 1.67974e-26 	 -1.79204 
0.151356 	 2.70609e+14 	 1.40885e-09 	 1.64541e-26 	 -1.7946 
0.153109 	 2.7293e+14 	 1.39909e-09 	 1.61174e-26 	 -1.79712 
0.154882 	 2.75262e+14 	 1.38935e-09 	 1.57872e-26 	 -1.79959 
0.156675 	 2.77604e+14 	 1.37963e-09 	 1.54632e-26 	 -1.80203 
0.158489 	 2.79957e+14 	 1.36992e-09 	 1.51455e-26 	 -1.80443 
0.160325 	 2.8232e+14 	 1.36024e-09 	 1.48339e-26 	 -1.80679 
0.162181 	 2.84694e+14 	 1.35058e-09 	 1.45283e-26 	 -1.80911 
0.164059 	 2.87078e+14 	 1.34094e-09 	 1.42287e-26 	 -1.81139 
0.165959 	 2.89472e+14 	 1.33132e-09 	 1.39348e-26 	 -1.81364 
0.16788 	 2.91876e+14 	 1.32173e-09 	 1.36467e-26 	 -1.81585 
0.169824 	 2.94291e+14 	 1.31216e-09 	 1.33642e-26 	 -1.81804 
0.171791 	 2.96717e+14 	 1.30262e-09 	 1.30872e-26 	 -1.82019 
0.17378 	 2.99152e+14 	 1.2931e-09 	 1.28157e-26 	 -1.82231 
0.175792 	 3.01597e+14 	 1.28361e-09 	 1.25495e-26 	 -1.8244 
0.177828 	 3.04053e+14 	 1.27415e-09 	 1.22885e-26 	 -1.82647 
0.179887 	 3.06519e+14 	 1.26472e-09 	 1.20326e-26 	 -1.82852 
0.18197 	 3.08994e+14 	 1.25532e-09 	 1.17818e-26 	 -1.83054 
0.184077 	 3.1148e+14 	 1.24594e-09 	 1.1536e-26 	 -1.83255 
0.186209 	 3.13976e+14 	 1.2366e-09 	 1.1295e-26 	 -1.83454 
0.188365 	 3.16482e+14 	 1.22728e-09 	 1.10588e-26 	 -1.83651 
0.190546 	 3.18997e+14 	 1.218e-09 	 1.08273e-26 	 -1.83847 
0.192752 	 3.21522e+14 	 1.20875e-09 	 1.06005e-26 	 -1.84043 
0.194984 	 3.24058e+14 	 1.19953e-09 	 1.03781e-26 	 -1.84237 
0.197242 	 3.26603e+14 	 1.19035e-09 	 1.01602e-26 	 -1.84432 
0.199526 	 3.29157e+14 	 1.1812e-09 	 9.94659e-27 	 -1.84626 
0.201837 	 3.31722e+14 	 1.17208e-09 	 9.73729e-27 	 -1.84821 
0.204174 	 3.34296e+14 	 1.163e-09 	 9.53218e-27 	 -1.85017 
0.206538 	 3.36879e+14 	 1.15396e-09 	 9.33118e-27 	 -1.85213 
0.20893 	 3.39472e+14 	 1.14495e-09 	 9.13421e-27 	 -1.85411 
0.211349 	 3.42075e+14 	 1.13597e-09 	 8.94119e-27 	 -1.85611 
0.213796 	 3.44687e+14 	 1.12704e-09 	 8.75205e-27 	 -1.85812 
0.216272 	 3.47308e+14 	 1.11814e-09 	 8.56671e-27 	 -1.86016 
0.218776 	 3.49939e+14 	 1.10927e-09 	 8.3851e-27 	 -1.86223 
0.221309 	 3.52579e+14 	 1.10045e-09 	 8.20714e-27 	 -1.86434 
0.223872 	 3.55229e+14 	 1.09166e-09 	 8.03276e-27 	 -1.86648 
0.226464 	 3.57888e+14 	 1.08291e-09 	 7.86189e-27 	 -1.86865 
0.229087 	 3.60556e+14 	 1.0742e-09 	 7.69446e-27 	 -1.87088 
0.231739 	 3.63233e+14 	 1.06553e-09 	 7.5304e-27 	 -1.87315 
0.234423 	 3.65919e+14 	 1.0569e-09 	 7.36965e-27 	 -1.87548 
0.237137 	 3.68614e+14 	 1.04831e-09 	 7.21213e-27 	 -1.87786 
0.239883 	 3.71318e+14 	 1.03976e-09 	 7.05778e-27 	 -1.88031 
0.242661 	 3.74031e+14 	 1.03125e-09 	 6.90654e-27 	 -1.88282 
0.245471 	 3.76754e+14 	 1.02278e-09 	 6.75834e-27 	 -1.88541 
0.248313 	 3.79485e+14 	 1.01435e-09 	 6.61312e-27 	 -1.88807 
0.251189 	 3.82224e+14 	 1.00596e-09 	 6.47082e-27 	 -1.8908 
0.254097 	 3.84973e+14 	 9.97617e-10 	 6.33138e-27 	 -1.89363 
0.25704 	 3.8773e+14 	 9.89311e-10 	 6.19474e-27 	 -1.89654 
0.260016 	 3.90496e+14 	 9.81046e-10 	 6.06084e-27 	 -1.89955 
0.263027 	 3.93271e+14 	 9.72822e-10 	 5.92963e-27 	 -1.90266 
0.266073 	 3.96054e+14 	 9.64639e-10 	 5.80104e-27 	 -1.90587 
0.269153 	 3.98845e+14 	 9.56498e-10 	 5.67504e-27 	 -1.90918 
0.27227 	 4.01645e+14 	 9.48398e-10 	 5.55155e-27 	 -1.91261 
0.275423 	 4.04454e+14 	 9.4034e-10 	 5.43053e-27 	 -1.91616 
0.278612 	 4.07271e+14 	 9.32323e-10 	 5.31194e-27 	 -1.91982 
0.281838 	 4.10096e+14 	 9.24348e-10 	 5.1957e-27 	 -1.92362 
0.285102 	 4.12929e+14 	 9.16414e-10 	 5.08179e-27 	 -1.92754 
0.288403 	 4.15771e+14 	 9.08521e-10 	 4.97014e-27 	 -1.93159 
0.291743 	 4.1862e+14 	 9.0067e-10 	 4.86072e-27 	 -1.93579 
0.295121 	 4.21478e+14 	 8.9286e-10 	 4.75347e-27 	 -1.94013 
0.298538 	 4.24343e+14 	 8.85091e-10 	 4.64836e-27 	 -1.94461 
0.301995 	 4.27217e+14 	 8.77363e-10 	 4.54533e-27 	 -1.94925 
0.305492 	 4.30098e+14 	 8.69676e-10 	 4.44434e-27 	 -1.95404 
0.30903 	 4.32988e+14 	 8.6203e-10 	 4.34535e-27 	 -1.95899 
0.312608 	 4.35884e+14 	 8.54425e-10 	 4.24832e-27 	 -1.9641 
0.316228 	 4.38789e+14 	 8.4686e-10 	 4.15321e-27 	 -1.96937 
0.31989 	 4.41701e+14 	 8.39335e-10 	 4.05998e-27 	 -1.97482 
0.323594 	 4.44621e+14 	 8.31851e-10 	 3.96858e-27 	 -1.98044 
0.327341 	 4.47548e+14 	 8.24406e-10 	 3.87899e-27 	 -1.98624 
0.331131 	 4.50482e+14 	 8.17001e-10 	 3.79117e-27 	 -1.99222 
0.334965 	 4.53424e+14 	 8.09636e-10 	 3.70507e-27 	 -1.99838 
0.338844 	 4.56372e+14 	 8.0231e-10 	 3.62067e-27 	 -2.00472 
0.342768 	 4.59328e+14 	 7.95023e-10 	 3.53793e-27 	 -2.01126 
0.346737 	 4.62291e+14 	 7.87774e-10 	 3.45682e-27 	 -2.01799 
0.350752 	 4.65261e+14 	 7.80565e-10 	 3.3773e-27 	 -2.02491 
0.354813 	 4.68238e+14 	 7.73394e-10 	 3.29934e-27 	 -2.03202 
0.358922 	 4.71221e+14 	 7.6626e-10 	 3.22292e-27 	 -2.03934 
0.363078 	 4.74211e+14 	 7.59165e-10 	 3.148e-27 	 -2.04686 
0.367282 	 4.77208e+14 	 7.52107e-10 	 3.07455e-27 	 -2.05458 
0.371535 	 4.80211e+14 	 7.45087e-10 	 3.00254e-27 	 -2.0625 
0.375837 	 4.83221e+14 	 7.38103e-10 	 2.93195e-27 	 -2.07064 
0.380189 	 4.86237e+14 	 7.31156e-10 	 2.86274e-27 	 -2.07897 
0.384592 	 4.89258e+14 	 7.24246e-10 	 2.7949e-27 	 -2.08752 
0.389045 	 4.92286e+14 	 7.17372e-10 	 2.72839e-27 	 -2.09628 
0.39355 	 4.9532e+14 	 7.10534e-10 	 2.6632e-27 	 -2.10526 
0.398107 	 4.9836e+14 	 7.03731e-10 	 2.59929e-27 	 -2.11444 
0.402717 	 5.01405e+14 	 6.96964e-10 	 2.53664e-27 	 -2.12384 
0.40738 	 5.04456e+14 	 6.90232e-10 	 2.47523e-27 	 -2.13345 
0.412098 	 5.07513e+14 	 6.83535e-10 	 2.41504e-27 	 -2.14328 
0.416869 	 5.10574e+14 	 6.76872e-10 	 2.35604e-27 	 -2.15332 
0.421697 	 5.13641e+14 	 6.70244e-10 	 2.29822e-27 	 -2.16358 
0.42658 	 5.16713e+14 	 6.6365e-10 	 2.24154e-27 	 -2.17405 
0.431519 	 5.1979e+14 	 6.57089e-10 	 2.186e-27 	 -2.18473 
0.436516 	 5.22872e+14 	 6.50562e-10 	 2.13157e-27 	 -2.19563 
0.44157 	 5.25958e+14 	 6.44069e-10 	 2.07823e-27 	 -2.20675 
0.446684 	 5.29049e+14 	 6.37608e-10 	 2.02597e-27 	 -2.21808 
0.451856 	 5.32144e+14 	 6.31181e-10 	 1.97476e-27 	 -2.22961 
0.457088 	 5.35244e+14 	 6.24786e-10 	 1.92458e-27 	 -2.24137 
0.462381 	 5.38347e+14 	 6.18423e-10 	 1.87543e-27 	 -2.25333 
0.467735 	 5.41454e+14 	 6.12093e-10 	 1.82727e-27 	 -2.2655 
0.473151 	 5.44565e+14 	 6.05795e-10 	 1.7801e-27 	 -2.27787 
0.47863 	 5.4768e+14 	 5.99528e-10 	 1.7339e-27 	 -2.29045 
0.484172 	 5.50798e+14 	 5.93293e-10 	 1.68865e-27 	 -2.30324 
0.489779 	 5.53919e+14 	 5.8709e-10 	 1.64434e-27 	 -2.31623 
0.49545 	 5.57043e+14 	 5.80918e-10 	 1.60095e-27 	 -2.32941 
0.501187 	 5.6017e+14 	 5.74778e-10 	 1.55847e-27 	 -2.3428 
0.506991 	 5.633e+14 	 5.68668e-10 	 1.51688e-27 	 -2.35638 
0.512861 	 5.66432e+14 	 5.6259e-10 	 1.47616e-27 	 -2.37015 
0.5188 	 5.69567e+14 	 5.56542e-10 	 1.43631e-27 	 -2.38411 
0.524807 	 5.72704e+14 	 5.50526e-10 	 1.39731e-27 	 -2.39825 
0.530884 	 5.75842e+14 	 5.4454e-10 	 1.35915e-27 	 -2.41258 
0.537032 	 5.78983e+14 	 5.38584e-10 	 1.3218e-27 	 -2.42709 
0.54325 	 5.82124e+14 	 5.3266e-10 	 1.28527e-27 	 -2.44178 
0.549541 	 5.85268e+14 	 5.26766e-10 	 1.24954e-27 	 -2.45664 
0.555904 	 5.88412e+14 	 5.20902e-10 	 1.21459e-27 	 -2.47167 
0.562341 	 5.91557e+14 	 5.15069e-10 	 1.18041e-27 	 -2.48686 
0.568853 	 5.94703e+14 	 5.09266e-10 	 1.14699e-27 	 -2.50221 
0.57544 	 5.97849e+14 	 5.03494e-10 	 1.11432e-27 	 -2.51772 
0.582103 	 6.00996e+14 	 4.97753e-10 	 1.08239e-27 	 -2.53338 
0.588844 	 6.04142e+14 	 4.92042e-10 	 1.05118e-27 	 -2.54919 
0.595662 	 6.07289e+14 	 4.86362e-10 	 1.02068e-27 	 -2.56514 
0.60256 	 6.10435e+14 	 4.80712e-10 	 9.9089e-28 	 -2.58122 
0.609537 	 6.1358e+14 	 4.75094e-10 	 9.61787e-28 	 -2.59744 
0.616595 	 6.16725e+14 	 4.69506e-10 	 9.33364e-28 	 -2.61378 
0.623735 	 6.19868e+14 	 4.63949e-10 	 9.0561e-28 	 -2.63024 
0.630957 	 6.2301e+14 	 4.58423e-10 	 8.78514e-28 	 -2.64682 
0.638263 	 6.2615e+14 	 4.52929e-10 	 8.52065e-28 	 -2.6635 
0.645654 	 6.29289e+14 	 4.47466e-10 	 8.26254e-28 	 -2.68029 
0.653131 	 6.32425e+14 	 4.42034e-10 	 8.01069e-28 	 -2.69716 
0.660693 	 6.35559e+14 	 4.36634e-10 	 7.76501e-28 	 -2.71413 
0.668344 	 6.38691e+14 	 4.31266e-10 	 7.52539e-28 	 -2.73117 
0.676083 	 6.4182e+14 	 4.2593e-10 	 7.29172e-28 	 -2.74829 
0.683912 	 6.44945e+14 	 4.20625e-10 	 7.06392e-28 	 -2.76547 
0.691831 	 6.48068e+14 	 4.15354e-10 	 6.84188e-28 	 -2.78271 
0.699842 	 6.51187e+14 	 4.10115e-10 	 6.6255e-28 	 -2.79999 
0.707946 	 6.54302e+14 	 4.04908e-10 	 6.41469e-28 	 -2.81731 
0.716143 	 6.57413e+14 	 3.99735e-10 	 6.20934e-28 	 -2.83466 
0.724436 	 6.60519e+14 	 3.94595e-10 	 6.00937e-28 	 -2.85203 
0.732825 	 6.63622e+14 	 3.89488e-10 	 5.81467e-28 	 -2.86941 
0.74131 	 6.66719e+14 	 3.84416e-10 	 5.62516e-28 	 -2.88679 
0.749894 	 6.69811e+14 	 3.79377e-10 	 5.44073e-28 	 -2.90415 
0.758578 	 6.72898e+14 	 3.74372e-10 	 5.2613e-28 	 -2.9215 
0.767361 	 6.75979e+14 	 3.69402e-10 	 5.08678e-28 	 -2.93881 
0.776247 	 6.79055e+14 	 3.64466e-10 	 4.91706e-28 	 -2.95607 
0.785236 	 6.82124e+14 	 3.59566e-10 	 4.75206e-28 	 -2.97327 
0.794328 	 6.85187e+14 	 3.54701e-10 	 4.59169e-28 	 -2.99041 
0.803526 	 6.88243e+14 	 3.49871e-10 	 4.43586e-28 	 -3.00746 
0.812831 	 6.91293e+14 	 3.45077e-10 	 4.28448e-28 	 -3.0244 
0.822243 	 6.94336e+14 	 3.40319e-10 	 4.13746e-28 	 -3.04124 
0.831764 	 6.97371e+14 	 3.35598e-10 	 3.99471e-28 	 -3.05795 
0.841395 	 7.00398e+14 	 3.30913e-10 	 3.85615e-28 	 -3.07451 
0.851138 	 7.03418e+14 	 3.26265e-10 	 3.72169e-28 	 -3.09091 
0.860994 	 7.0643e+14 	 3.21654e-10 	 3.59125e-28 	 -3.10713 
0.870964 	 7.09433e+14 	 3.17081e-10 	 3.46473e-28 	 -3.12316 
0.881049 	 7.12428e+14 	 3.12546e-10 	 3.34205e-28 	 -3.13898 
0.891251 	 7.15414e+14 	 3.08048e-10 	 3.22314e-28 	 -3.15456 
0.901571 	 7.18391e+14 	 3.03589e-10 	 3.10791e-28 	 -3.1699 
0.912011 	 7.21359e+14 	 2.99168e-10 	 2.99627e-28 	 -3.18496 
0.922571 	 7.24317e+14 	 2.94786e-10 	 2.88814e-28 	 -3.19973 
0.933254 	 7.27266e+14 	 2.90443e-10 	 2.78345e-28 	 -3.21418 
0.944061 	 7.30204e+14 	 2.86139e-10 	 2.68211e-28 	 -3.2283 
0.954993 	 7.33133e+14 	 2.81875e-10 	 2.58405e-28 	 -3.24206 
0.966051 	 7.36051e+14 	 2.77651e-10 	 2.48918e-28 	 -3.25544 
0.977237 	 7.38959e+14 	 2.73466e-10 	 2.39743e-28 	 -3.2684 
0.988553 	 7.41855e+14 	 2.69322e-10 	 2.30872e-28 	 -3.28094 
1 	 7.44741e+14 	 2.65218e-10 	 2.22298e-28 	 -3.29301 
1.01158 	 7.47616e+14 	 2.61155e-10 	 2.14014e-28 	 -3.3046 
1.02329 	 7.50479e+14 	 2.57132e-10 	 2.06011e-28 	 -3.31567 
1.03514 	 7.53331e+14 	 2.53151e-10 	 1.98283e-28 	 -3.3262 
1.04713 	 7.56171e+14 	 2.49211e-10 	 1.90822e-28 	 -3.33616 
1.05925 	 7.58999e+14 	 2.45312e-10 	 1.83621e-28 	 -3.34552 
1.07152 	 7.61814e+14 	 2.41454e-10 	 1.76674e-28 	 -3.35424 
1.08393 	 7.64618e+14 	 2.37638e-10 	 1.69973e-28 	 -3.3623 
1.09648 	 7.67409e+14 	 2.33864e-10 	 1.63512e-28 	 -3.36967 
1.10917 	 7.70187e+14 	 2.30132e-10 	 1.57284e-28 	 -3.3763 
1.12202 	 7.72953e+14 	 2.26442e-10 	 1.51282e-28 	 -3.38217 
1.13501 	 7.75706e+14 	 2.22794e-10 	 1.455e-28 	 -3.38725 
1.14815 	 7.78445e+14 	 2.19188e-10 	 1.39931e-28 	 -3.3915 
1.16145 	 7.81172e+14 	 2.15624e-10 	 1.3457e-28 	 -3.39489 
1.1749 	 7.83885e+14 	 2.12103e-10 	 1.29409e-28 	 -3.39738 
1.1885 	 7.86584e+14 	 2.08624e-10 	 1.24444e-28 	 -3.39893 
1.20226 	 7.8927e+14 	 2.05188e-10 	 1.19668e-28 	 -3.39953 
1.21619 	 7.91942e+14 	 2.01794e-10 	 1.15074e-28 	 -3.39912 
1.23027 	 7.946e+14 	 1.98442e-10 	 1.10659e-28 	 -3.39767 
1.24451 	 7.97245e+14 	 1.95133e-10 	 1.06415e-28 	 -3.39516 
1.25893 	 7.99875e+14 	 1.91867e-10 	 1.02337e-28 	 -3.39155 
1.2735 	 8.02491e+14 	 1.88643e-10 	 9.84207e-29 	 -3.38681 
1.28825 	 8.05093e+14 	 1.85461e-10 	 9.46598e-29 	 -3.3809 
1.30317 	 8.0768e+14 	 1.82322e-10 	 9.10495e-29 	 -3.3738 
1.31826 	 8.10253e+14 	 1.79224e-10 	 8.75846e-29 	 -3.36548 
1.33352 	 8.12812e+14 	 1.7617e-10 	 8.42602e-29 	 -3.35592 
1.34896 	 8.15356e+14 	 1.73157e-10 	 8.10715e-29 	 -3.34507 
1.36458 	 8.17885e+14 	 1.70186e-10 	 7.80139e-29 	 -3.33294 
1.38038 	 8.204e+14 	 1.67257e-10 	 7.50826e-29 	 -3.31949 
1.39637 	 8.22899e+14 	 1.6437e-10 	 7.22731e-29 	 -3.3047 
1.41254 	 8.25385e+14 	 1.61525e-10 	 6.95812e-29 	 -3.28857 
1.42889 	 8.27855e+14 	 1.58721e-10 	 6.70025e-29 	 -3.27107 
1.44544 	 8.3031e+14 	 1.55958e-10 	 6.45329e-29 	 -3.25221 
1.46218 	 8.32751e+14 	 1.53236e-10 	 6.21683e-29 	 -3.23198 
1.47911 	 8.35177e+14 	 1.50556e-10 	 5.99048e-29 	 -3.21038 
1.49624 	 8.37588e+14 	 1.47916e-10 	 5.77385e-29 	 -3.1874 
1.51356 	 8.39984e+14 	 1.45316e-10 	 5.56657e-29 	 -3.16307 
1.53109 	 8.42365e+14 	 1.42757e-10 	 5.36827e-29 	 -3.13738 
1.54882 	 8.44731e+14 	 1.40238e-10 	 5.17862e-29 	 -3.11036 
1.56675 	 8.47082e+14 	 1.37759e-10 	 4.99725e-29 	 -3.08203 
1.58489 	 8.49419e+14 	 1.35319e-10 	 4.82384e-29 	 -3.05242 
1.60325 	 8.5174e+14 	 1.32919e-10 	 4.65808e-29 	 -3.02156 
1.62181 	 8.54047e+14 	 1.30557e-10 	 4.49964e-29 	 -2.98948 
1.64059 	 8.56339e+14 	 1.28234e-10 	 4.34822e-29 	 -2.95623 
1.65959 	 8.58617e+14 	 1.2595e-10 	 4.20354e-29 	 -2.92186 
1.6788 	 8.60879e+14 	 1.23704e-10 	 4.06531e-29 	 -2.88641 
1.69824 	 8.63127e+14 	 1.21496e-10 	 3.93325e-29 	 -2.84994 
1.71791 	 8.6536e+14 	 1.19325e-10 	 3.8071e-29 	 -2.81252 
1.7378 	 8.67579e+14 	 1.17191e-10 	 3.6866e-29 	 -2.77421 
1.75792 	 8.69784e+14 	 1.15094e-10 	 3.57151e-29 	 -2.73507 
1.77828 	 8.71974e+14 	 1.13033e-10 	 3.46159e-29 	 -2.69519 
1.79887 	 8.74149e+14 	 1.11009e-10 	 3.3566e-29 	 -2.65464 
1.8197 	 8.76311e+14 	 1.0902e-10 	 3.25633e-29 	 -2.6135 
1.84077 	 8.78458e+14 	 1.07067e-10 	 3.16057e-29 	 -2.57185 
1.86209 	 8.80591e+14 	 1.05148e-10 	 3.0691e-29 	 -2.52977 
1.88365 	 8.82711e+14 	 1.03265e-10 	 2.98172e-29 	 -2.48736 
1.90546 	 8.84816e+14 	 1.01415e-10 	 2.89826e-29 	 -2.4447 
1.92752 	 8.86908e+14 	 9.95994e-11 	 2.81851e-29 	 -2.40188 
1.94984 	 8.88986e+14 	 9.78172e-11 	 2.74232e-29 	 -2.35898 
1.97242 	 8.9105e+14 	 9.60679e-11 	 2.6695e-29 	 -2.31609 
1.99526 	 8.93101e+14 	 9.43514e-11 	 2.5999e-29 	 -2.2733 
2.01837 	 8.95139e+14 	 9.2667e-11 	 2.53336e-29 	 -2.23069 
2.04174 	 8.97164e+14 	 9.10145e-11 	 2.46973e-29 	 -2.18835 
2.06538 	 8.99175e+14 	 8.93934e-11 	 2.40887e-29 	 -2.14636 
2.0893 	 9.01174e+14 	 8.78033e-11 	 2.35064e-29 	 -2.10479 
2.11349 	 9.0316e+14 	 8.62438e-11 	 2.29491e-29 	 -2.06371 
2.13796 	 9.05133e+14 	 8.47144e-11 	 2.24156e-29 	 -2.0232 
2.16272 	 9.07093e+14 	 8.32148e-11 	 2.19045e-29 	 -1.98333 
2.18776 	 9.09042e+14 	 8.17445e-11 	 2.14149e-29 	 -1.94415 
2.21309 	 9.10978e+14 	 8.0303e-11 	 2.09456e-29 	 -1.90572 
2.23872 	 9.12901e+14 	 7.889e-11 	 2.04955e-29 	 -1.86809 
2.26464 	 9.14813e+14 	 7.75051e-11 	 2.00637e-29 	 -1.83132 
2.29087 	 9.16714e+14 	 7.61478e-11 	 1.96492e-29 	 -1.79544 
2.31739 	 9.18602e+14 	 7.48177e-11 	 1.92512e-29 	 -1.7605 
2.34423 	 9.20479e+14 	 7.35143e-11 	 1.88687e-29 	 -1.72652 
2.37137 	 9.22345e+14 	 7.22373e-11 	 1.85009e-29 	 -1.69353 
2.39883 	 9.242e+14 	 7.09861e-11 	 1.8147e-29 	 -1.66156 
2.42661 	 9.26044e+14 	 6.97605e-11 	 1.78064e-29 	 -1.63062 
2.45471 	 9.27877e+14 	 6.856e-11 	 1.74783e-29 	 -1.60072 
2.48313 	 9.29699e+14 	 6.73841e-11 	 1.71621e-29 	 -1.57188 
2.51189 	 9.31511e+14 	 6.62325e-11 	 1.6857e-29 	 -1.5441 
2.54097 	 9.33312e+14 	 6.51047e-11 	 1.65626e-29 	 -1.51738 
2.5704 	 9.35104e+14 	 6.40003e-11 	 1.62782e-29 	 -1.49172 
2.60016 	 9.36885e+14 	 6.29189e-11 	 1.60034e-29 	 -1.46711 
2.63027 	 9.38657e+14 	 6.18602e-11 	 1.57375e-29 	 -1.44353 
2.66073 	 9.40419e+14 	 6.08236e-11 	 1.54802e-29 	 -1.42098 
2.69153 	 9.42172e+14 	 5.98088e-11 	 1.52309e-29 	 -1.39944 
2.7227 	 9.43916e+14 	 5.88154e-11 	 1.49893e-29 	 -1.37888 
2.75423 	 9.4565e+14 	 5.78431e-11 	 1.47549e-29 	 -1.3593 
2.78612 	 9.47376e+14 	 5.68913e-11 	 1.45274e-29 	 -1.34066 
2.81838 	 9.49093e+14 	 5.59598e-11 	 1.43064e-29 	 -1.32293 
2.85102 	 9.50801e+14 	 5.50482e-11 	 1.40916e-29 	 -1.30611 
2.88403 	 9.52502e+14 	 5.4156e-11 	 1.38826e-29 	 -1.29014 
2.91743 	 9.54194e+14 	 5.3283e-11 	 1.36791e-29 	 -1.27501 
2.95121 	 9.55878e+14 	 5.24287e-11 	 1.34809e-29 	 -1.26069 
2.98538 	 9.57554e+14 	 5.15927e-11 	 1.32877e-29 	 -1.24714 
3.01995 	 9.59223e+14 	 5.07748e-11 	 1.30993e-29 	 -1.23433 
3.05492 	 9.60885e+14 	 4.99745e-11 	 1.29154e-29 	 -1.22223 
3.0903 	 9.62539e+14 	 4.91915e-11 	 1.27358e-29 	 -1.2108 
3.12608 	 9.64186e+14 	 4.84255e-11 	 1.25603e-29 	 -1.20003 
3.16228 	 9.65827e+14 	 4.76761e-11 	 1.23887e-29 	 -1.18987 
3.1989 	 9.67461e+14 	 4.69431e-11 	 1.22208e-29 	 -1.18028 
3.23594 	 9.69089e+14 	 4.62259e-11 	 1.20565e-29 	 -1.17125 
3.27341 	 9.7071e+14 	 4.55244e-11 	 1.18957e-29 	 -1.16274 
3.31131 	 9.72325e+14 	 4.48382e-11 	 1.1738e-29 	 -1.15471 
3.34965 	 9.73935e+14 	 4.4167e-11 	 1.15835e-29 	 -1.14714 
3.38844 	 9.75539e+14 	 4.35105e-11 	 1.1432e-29 	 -1.14 
3.42768 	 9.77137e+14 	 4.28684e-11 	 1.12834e-29 	 -1.13326 
3.46737 	 9.7873e+14 	 4.22404e-11 	 1.11376e-29 	 -1.12688 
3.50752 	 9.80318e+14 	 4.16261e-11 	 1.09944e-29 	 -1.12085 
3.54813 	 9.81901e+14 	 4.10254e-11 	 1.08538e-29 	 -1.11514 
3.58922 	 9.8348e+14 	 4.04378e-11 	 1.07157e-29 	 -1.10971 
3.63078 	 9.85054e+14 	 3.98632e-11 	 1.058e-29 	 -1.10455 
3.67282 	 9.86623e+14 	 3.93013e-11 	 1.04466e-29 	 -1.09964 
3.71535 	 9.88189e+14 	 3.87518e-11 	 1.03155e-29 	 -1.09494 
3.75837 	 9.8975e+14 	 3.82144e-11 	 1.01865e-29 	 -1.09043 
3.80189 	 9.91308e+14 	 3.76888e-11 	 1.00597e-29 	 -1.0861 
3.84592 	 9.92862e+14 	 3.71749e-11 	 9.93494e-30 	 -1.08193 
3.89045 	 9.94413e+14 	 3.66724e-11 	 9.81218e-30 	 -1.07789 
3.9355 	 9.95961e+14 	 3.6181e-11 	 9.69139e-30 	 -1.07397 
3.98107 	 9.97506e+14 	 3.57005e-11 	 9.57251e-30 	 -1.07015 
4.02717 	 9.99048e+14 	 3.52306e-11 	 9.4555e-30 	 -1.0664 
4.0738 	 1.00059e+15 	 3.47712e-11 	 9.34032e-30 	 -1.06273 
4.12098 	 1.00212e+15 	 3.4322e-11 	 9.22693e-30 	 -1.0591 
4.16869 	 1.00366e+15 	 3.38828e-11 	 9.1153e-30 	 -1.05551 
4.21697 	 1.00519e+15 	 3.34533e-11 	 9.00538e-30 	 -1.05195 
4.2658 	 1.00672e+15 	 3.30335e-11 	 8.89716e-30 	 -1.0484 
4.31519 	 1.00825e+15 	 3.2623e-11 	 8.7906e-30 	 -1.04484 
4.36516 	 1.00978e+15 	 3.22217e-11 	 8.68566e-30 	 -1.04128 
4.4157 	 1.01131e+15 	 3.18293e-11 	 8.58234e-30 	 -1.03769 
4.46684 	 1.01283e+15 	 3.14457e-11 	 8.48059e-30 	 -1.03407 
4.51856 	 1.01436e+15 	 3.10707e-11 	 8.3804e-30 	 -1.03041 
4.57088 	 1.01588e+15 	 3.07042e-11 	 8.28175e-30 	 -1.02669 
4.62381 	 1.01741e+15 	 3.03459e-11 	 8.18461e-30 	 -1.02293 
4.67735 	 1.01893e+15 	 2.99956e-11 	 8.08896e-30 	 -1.0191 
4.73151 	 1.02045e+15 	 2.96533e-11 	 7.99479e-30 	 -1.0152 
4.7863 	 1.02198e+15 	 2.93186e-11 	 7.90207e-30 	 -1.01122 
4.84172 	 1.0235e+15 	 2.89916e-11 	 7.81079e-30 	 -1.00717 
4.89779 	 1.02503e+15 	 2.8672e-11 	 7.72092e-30 	 -1.00303 
4.9545 	 1.02655e+15 	 2.83596e-11 	 7.63246e-30 	 -0.998798 
5.01187 	 1.02808e+15 	 2.80543e-11 	 7.54538e-30 	 -0.994476 
5.06991 	 1.02961e+15 	 2.7756e-11 	 7.45967e-30 	 -0.990057 
5.12861 	 1.03114e+15 	 2.74646e-11 	 7.37531e-30 	 -0.985541 
5.188 	 1.03267e+15 	 2.71798e-11 	 7.2923e-30 	 -0.980923 
5.24807 	 1.0342e+15 	 2.69016e-11 	 7.2106e-30 	 -0.976204 
5.30884 	 1.03573e+15 	 2.66298e-11 	 7.13021e-30 	 -0.97138 
5.37032 	 1.03727e+15 	 2.63644e-11 	 7.05111e-30 	 -0.966452 
5.4325 	 1.03881e+15 	 2.6105e-11 	 6.97329e-30 	 -0.961418 
5.49541 	 1.04035e+15 	 2.58518e-11 	 6.89673e-30 	 -0.956278 
5.55904 	 1.04189e+15 	 2.56045e-11 	 6.82142e-30 	 -0.951033 
5.62341 	 1.04344e+15 	 2.5363e-11 	 6.74735e-30 	 -0.945683 
5.68853 	 1.04499e+15 	 2.51272e-11 	 6.67449e-30 	 -0.940227 
5.7544 	 1.04654e+15 	 2.4897e-11 	 6.60284e-30 	 -0.934668 
5.82103 	 1.0481e+15 	 2.46723e-11 	 6.53238e-30 	 -0.929006 
5.88844 	 1.04966e+15 	 2.4453e-11 	 6.4631e-30 	 -0.923243 
5.95662 	 1.05123e+15 	 2.4239e-11 	 6.39498e-30 	 -0.91738 
6.0256 	 1.0528e+15 	 2.40302e-11 	 6.32801e-30 	 -0.911419 
6.09537 	 1.05438e+15 	 2.38265e-11 	 6.26217e-30 	 -0.905362 
6.16595 	 1.05595e+15 	 2.36278e-11 	 6.19745e-30 	 -0.899212 
6.23735 	 1.05754e+15 	 2.34341e-11 	 6.13384e-30 	 -0.892971 
6.30957 	 1.05913e+15 	 2.32451e-11 	 6.07133e-30 	 -0.88664 
6.38263 	 1.06073e+15 	 2.3061e-11 	 6.00989e-30 	 -0.880224 
6.45654 	 1.06233e+15 	 2.28815e-11 	 5.94951e-30 	 -0.873724 
6.53131 	 1.06393e+15 	 2.27065e-11 	 5.89019e-30 	 -0.867143 
6.60693 	 1.06555e+15 	 2.25361e-11 	 5.8319e-30 	 -0.860486 
6.68344 	 1.06717e+15 	 2.23701e-11 	 5.77463e-30 	 -0.853753 
6.76083 	 1.06879e+15 	 2.22085e-11 	 5.71837e-30 	 -0.84695 
6.83912 	 1.07043e+15 	 2.20512e-11 	 5.66311e-30 	 -0.840078 
6.91831 	 1.07207e+15 	 2.18981e-11 	 5.60882e-30 	 -0.833142 
6.99842 	 1.07372e+15 	 2.17492e-11 	 5.5555e-30 	 -0.826145 
7.07946 	 1.07538e+15 	 2.16043e-11 	 5.50313e-30 	 -0.819089 
7.16143 	 1.07704e+15 	 2.14635e-11 	 5.45171e-30 	 -0.811979 
7.24436 	 1.07872e+15 	 2.13266e-11 	 5.4012e-30 	 -0.804818 
7.32825 	 1.0804e+15 	 2.11937e-11 	 5.35161e-30 	 -0.797608 
7.4131 	 1.08209e+15 	 2.10646e-11 	 5.30291e-30 	 -0.790355 
7.49894 	 1.08379e+15 	 2.09393e-11 	 5.2551e-30 	 -0.783061 
7.58578 	 1.0855e+15 	 2.08177e-11 	 5.20815e-30 	 -0.77573 
7.67361 	 1.08722e+15 	 2.06998e-11 	 5.16206e-30 	 -0.768364 
7.76247 	 1.08895e+15 	 2.05856e-11 	 5.11682e-30 	 -0.760968 
7.85236 	 1.09069e+15 	 2.04749e-11 	 5.0724e-30 	 -0.753545 
7.94328 	 1.09244e+15 	 2.03678e-11 	 5.0288e-30 	 -0.746098 
8.03526 	 1.0942e+15 	 2.02641e-11 	 4.986e-30 	 -0.738631 
8.12831 	 1.09598e+15 	 2.01639e-11 	 4.944e-30 	 -0.731147 
8.22243 	 1.09776e+15 	 2.00671e-11 	 4.90277e-30 	 -0.723648 
8.31764 	 1.09956e+15 	 1.99737e-11 	 4.8623e-30 	 -0.716139 
8.41395 	 1.10137e+15 	 1.98835e-11 	 4.82258e-30 	 -0.708622 
8.51138 	 1.1032e+15 	 1.97967e-11 	 4.78361e-30 	 -0.7011 
8.60994 	 1.10503e+15 	 1.97131e-11 	 4.74536e-30 	 -0.693577 
8.70964 	 1.10688e+15 	 1.96327e-11 	 4.70782e-30 	 -0.686056 
8.81049 	 1.10875e+15 	 1.95554e-11 	 4.67098e-30 	 -0.678538 
8.91251 	 1.11062e+15 	 1.94813e-11 	 4.63484e-30 	 -0.671028 
9.01571 	 1.11252e+15 	 1.94103e-11 	 4.59937e-30 	 -0.663527 
9.12011 	 1.11443e+15 	 1.93423e-11 	 4.56456e-30 	 -0.656039 
9.22571 	 1.11635e+15 	 1.92774e-11 	 4.53041e-30 	 -0.648566 
9.33254 	 1.11829e+15 	 1.92155e-11 	 4.4969e-30 	 -0.64111 
9.44061 	 1.12024e+15 	 1.91565e-11 	 4.46402e-30 	 -0.633675 
9.54993 	 1.12222e+15 	 1.91005e-11 	 4.43176e-30 	 -0.626262 
9.66051 	 1.12421e+15 	 1.90474e-11 	 4.40011e-30 	 -0.618874 
9.77237 	 1.12621e+15 	 1.89972e-11 	 4.36906e-30 	 -0.611512 
9.88553 	 1.12824e+15 	 1.89498e-11 	 4.33859e-30 	 -0.60418 
10 	 1.13028e+15 	 1.89053e-11 	 4.3087e-30 	 -0.596879 
10.1158 	 1.13234e+15 	 1.88636e-11 	 4.27937e-30 	 -0.589611 
10.2329 	 1.13443e+15 	 1.88247e-11 	 4.2506e-30 	 -0.582378 
10.3514 	 1.13653e+15 	 1.87885e-11 	 4.22237e-30 	 -0.575182 
10.4713 	 1.13865e+15 	 1.87551e-11 	 4.19467e-30 	 -0.568024 
10.5925 	 1.14079e+15 	 1.87245e-11 	 4.1675e-30 	 -0.560907 
10.7152 	 1.14296e+15 	 1.86965e-11 	 4.14085e-30 	 -0.553832 
10.8393 	 1.14515e+15 	 1.86712e-11 	 4.1147e-30 	 -0.5468 
10.9648 	 1.14735e+15 	 1.86486e-11 	 4.08904e-30 	 -0.539813 
11.0917 	 1.14959e+15 	 1.86286e-11 	 4.06387e-30 	 -0.532872 
11.2202 	 1.15184e+15 	 1.86113e-11 	 4.03917e-30 	 -0.525979 
11.3501 	 1.15412e+15 	 1.85966e-11 	 4.01495e-30 	 -0.519135 
11.4815 	 1.15643e+15 	 1.85845e-11 	 3.99118e-30 	 -0.51234 
11.6145 	 1.15876e+15 	 1.8575e-11 	 3.96786e-30 	 -0.505597 
11.749 	 1.16111e+15 	 1.85681e-11 	 3.94498e-30 	 -0.498906 
11.885 	 1.1635e+15 	 1.85637e-11 	 3.92254e-30 	 -0.492268 
12.0226 	 1.16591e+15 	 1.85619e-11 	 3.90052e-30 	 -0.485685 
12.1619 	 1.16834e+15 	 1.85626e-11 	 3.87892e-30 	 -0.479156 
12.3027 	 1.17081e+15 	 1.85659e-11 	 3.85772e-30 	 -0.472683 
12.4451 	 1.1733e+15 	 1.85717e-11 	 3.83693e-30 	 -0.466266 
12.5893 	 1.17583e+15 	 1.85799e-11 	 3.81653e-30 	 -0.459906 
12.735 	 1.17838e+15 	 1.85907e-11 	 3.79651e-30 	 -0.453604 
12.8825 	 1.18097e+15 	 1.8604e-11 	 3.77687e-30 	 -0.447361 
13.0317 	 1.18359e+15 	 1.86198e-11 	 3.7576e-30 	 -0.441176 
13.1826 	 1.18624e+15 	 1.8638e-11 	 3.7387e-30 	 -0.435051 
13.3352 	 1.18893e+15 	 1.86587e-11 	 3.72015e-30 	 -0.428985 
13.4896 	 1.19165e+15 	 1.86819e-11 	 3.70195e-30 	 -0.422979 
13.6458 	 1.1944e+15 	 1.87075e-11 	 3.68409e-30 	 -0.417034 
13.8038 	 1.19719e+15 	 1.87356e-11 	 3.66657e-30 	 -0.411149 
13.9637 	 1.20002e+15 	 1.87661e-11 	 3.64938e-30 	 -0.405325 
14.1254 	 1.20288e+15 	 1.87991e-11 	 3.63251e-30 	 -0.399563 
14.2889 	 1.20579e+15 	 1.88345e-11 	 3.61596e-30 	 -0.393861 
14.4544 	 1.20873e+15 	 1.88723e-11 	 3.59972e-30 	 -0.388221 
14.6218 	 1.21171e+15 	 1.89126e-11 	 3.58378e-30 	 -0.382643 
14.7911 	 1.21474e+15 	 1.89554e-11 	 3.56814e-30 	 -0.377126 
14.9624 	 1.2178e+15 	 1.90005e-11 	 3.55279e-30 	 -0.371671 
15.1356 	 1.22091e+15 	 1.90481e-11 	 3.53773e-30 	 -0.366277 
15.3109 	 1.22406e+15 	 1.90981e-11 	 3.52296e-30 	 -0.360944 
15.4882 	 1.22726e+15 	 1.91506e-11 	 3.50845e-30 	 -0.355673 
15.6675 	 1.23051e+15 	 1.92055e-11 	 3.49422e-30 	 -0.350463 
15.8489 	 1.2338e+15 	 1.92628e-11 	 3.48026e-30 	 -0.345315 
16.0325 	 1.23714e+15 	 1.93226e-11 	 3.46655e-30 	 -0.340227 
16.2181 	 1.24053e+15 	 1.93848e-11 	 3.4531e-30 	 -0.3352 
16.4059 	 1.24397e+15 	 1.94494e-11 	 3.4399e-30 	 -0.330234 
16.5959 	 1.24746e+15 	 1.95165e-11 	 3.42694e-30 	 -0.325328 
16.788 	 1.251e+15 	 1.9586e-11 	 3.41422e-30 	 -0.320482 
16.9824 	 1.2546e+15 	 1.9658e-11 	 3.40174e-30 	 -0.315696 
17.1791 	 1.25825e+15 	 1.97324e-11 	 3.3895e-30 	 -0.310969 
17.378 	 1.26196e+15 	 1.98094e-11 	 3.37747e-30 	 -0.306302 
17.5792 	 1.26573e+15 	 1.98887e-11 	 3.36567e-30 	 -0.301693 
17.7828 	 1.26956e+15 	 1.99706e-11 	 3.35409e-30 	 -0.297144 
17.9887 	 1.27344e+15 	 2.00549e-11 	 3.34273e-30 	 -0.292652 
18.197 	 1.27739e+15 	 2.01417e-11 	 3.33157e-30 	 -0.288218 
18.4077 	 1.2814e+15 	 2.0231e-11 	 3.32062e-30 	 -0.283842 
18.6209 	 1.28548e+15 	 2.03228e-11 	 3.30986e-30 	 -0.279523 
18.8365 	 1.28962e+15 	 2.04172e-11 	 3.29931e-30 	 -0.27526 
19.0546 	 1.29383e+15 	 2.0514e-11 	 3.28895e-30 	 -0.271054 
19.2752 	 1.29811e+15 	 2.06134e-11 	 3.27878e-30 	 -0.266903 
19.4984 	 1.30246e+15 	 2.07153e-11 	 3.2688e-30 	 -0.262808 
19.7242 	 1.30689e+15 	 2.08197e-11 	 3.259e-30 	 -0.258767 
19.9526 	 1.31138e+15 	 2.09268e-11 	 3.24938e-30 	 -0.254782 
20.1837 	 1.31596e+15 	 2.10363e-11 	 3.23994e-30 	 -0.25085 
20.4174 	 1.32061e+15 	 2.11485e-11 	 3.23067e-30 	 -0.246971 
20.6538 	 1.32534e+15 	 2.12633e-11 	 3.22157e-30 	 -0.243146 
20.893 	 1.33015e+15 	 2.13806e-11 	 3.21263e-30 	 -0.239373 
21.1349 	 1.33504e+15 	 2.15006e-11 	 3.20386e-30 	 -0.235652 
21.3796 	 1.34002e+15 	 2.16232e-11 	 3.19525e-30 	 -0.231983 
21.6272 	 1.34508e+15 	 2.17485e-11 	 3.18679e-30 	 -0.228365 
21.8776 	 1.35023e+15 	 2.18764e-11 	 3.17849e-30 	 -0.224798 
22.1309 	 1.35548e+15 	 2.2007e-11 	 3.17034e-30 	 -0.22128 
22.3872 	 1.36081e+15 	 2.21403e-11 	 3.16234e-30 	 -0.217812 
22.6464 	 1.36624e+15 	 2.22763e-11 	 3.15448e-30 	 -0.214394 
22.9087 	 1.37177e+15 	 2.2415e-11 	 3.14676e-30 	 -0.211023 
23.1739 	 1.3774e+15 	 2.25564e-11 	 3.13919e-30 	 -0.207701 
23.4423 	 1.38312e+15 	 2.27006e-11 	 3.13175e-30 	 -0.204426 
23.7137 	 1.38895e+15 	 2.28475e-11 	 3.12445e-30 	 -0.201199 
23.9883 	 1.39489e+15 	 2.29973e-11 	 3.11727e-30 	 -0.198017 
24.2661 	 1.40094e+15 	 2.31498e-11 	 3.11023e-30 	 -0.194882 
24.5471 	 1.40709e+15 	 2.33052e-11 	 3.10332e-30 	 -0.191792 
24.8313 	 1.41336e+15 	 2.34634e-11 	 3.09653e-30 	 -0.188747 
25.1189 	 1.41975e+15 	 2.36245e-11 	 3.08986e-30 	 -0.185747 
25.4097 	 1.42625e+15 	 2.37885e-11 	 3.08331e-30 	 -0.18279 
25.704 	 1.43288e+15 	 2.39553e-11 	 3.07688e-30 	 -0.179877 
26.0016 	 1.43963e+15 	 2.41251e-11 	 3.07057e-30 	 -0.177007 
26.3027 	 1.4465e+15 	 2.42978e-11 	 3.06437e-30 	 -0.174179 
26.6073 	 1.45351e+15 	 2.44735e-11 	 3.05828e-30 	 -0.171393 
26.9153 	 1.46065e+15 	 2.46522e-11 	 3.0523e-30 	 -0.168648 
27.227 	 1.46792e+15 	 2.48339e-11 	 3.04642e-30 	 -0.165945 
27.5423 	 1.47533e+15 	 2.50186e-11 	 3.04066e-30 	 -0.163281 
27.8612 	 1.48289e+15 	 2.52063e-11 	 3.03499e-30 	 -0.160657 
28.1838 	 1.49059e+15 	 2.53972e-11 	 3.02943e-30 	 -0.158073 
28.5102 	 1.49844e+15 	 2.55911e-11 	 3.02397e-30 	 -0.155528 
28.8403 	 1.50644e+15 	 2.57882e-11 	 3.0186e-30 	 -0.153021 
29.1743 	 1.51459e+15 	 2.59885e-11 	 3.01333e-30 	 -0.150551 
29.5121 	 1.52291e+15 	 2.61919e-11 	 3.00815e-30 	 -0.148119 
29.8538 	 1.53138e+15 	 2.63985e-11 	 3.00307e-30 	 -0.145724 
30.1995 	 1.54002e+15 	 2.66083e-11 	 2.99808e-30 	 -0.143366 
30.5492 	 1.54884e+15 	 2.68214e-11 	 2.99317e-30 	 -0.141043 
30.903 	 1.55782e+15 	 2.70378e-11 	 2.98836e-30 	 -0.138756 
31.2608 	 1.56698e+15 	 2.72575e-11 	 2.98362e-30 	 -0.136504 
31.6228 	 1.57633e+15 	 2.74806e-11 	 2.97898e-30 	 -0.134287 
31.989 	 1.58586e+15 	 2.7707e-11 	 2.97441e-30 	 -0.132103 
32.3594 	 1.59558e+15 	 2.79368e-11 	 2.96993e-30 	 -0.129953 
32.7341 	 1.6055e+15 	 2.81701e-11 	 2.96553e-30 	 -0.127836 
33.1131 	 1.61561e+15 	 2.84068e-11 	 2.9612e-30 	 -0.125752 
33.4965 	 1.62593e+15 	 2.8647e-11 	 2.95695e-30 	 -0.123701 
33.8844 	 1.63645e+15 	 2.88908e-11 	 2.95278e-30 	 -0.121681 
34.2768 	 1.64719e+15 	 2.91381e-11 	 2.94868e-30 	 -0.119692 
34.6737 	 1.65815e+15 	 2.93889e-11 	 2.94465e-30 	 -0.117734 
35.0752 	 1.66933e+15 	 2.96435e-11 	 2.9407e-30 	 -0.115807 
35.4813 	 1.68073e+15 	 2.99016e-11 	 2.93681e-30 	 -0.11391 
35.8922 	 1.69237e+15 	 3.01635e-11 	 2.93299e-30 	 -0.112043 
36.3078 	 1.70425e+15 	 3.0429e-11 	 2.92924e-30 	 -0.110205 
36.7282 	 1.71637e+15 	 3.06984e-11 	 2.92556e-30 	 -0.108396 
37.1535 	 1.72874e+15 	 3.09715e-11 	 2.92194e-30 	 -0.106615 
37.5837 	 1.74136e+15 	 3.12485e-11 	 2.91839e-30 	 -0.104862 
38.0189 	 1.75425e+15 	 3.15293e-11 	 2.91489e-30 	 -0.103137 
38.4592 	 1.7674e+15 	 3.1814e-11 	 2.91146e-30 	 -0.101439 
38.9045 	 1.78083e+15 	 3.21027e-11 	 2.90809e-30 	 -0.0997678 
39.355 	 1.79453e+15 	 3.23953e-11 	 2.90478e-30 	 -0.0981232 
39.8107 	 1.80852e+15 	 3.2692e-11 	 2.90153e-30 	 -0.0965046 
40.2717 	 1.8228e+15 	 3.29928e-11 	 2.89834e-30 	 -0.0949117 
40.738 	 1.83738e+15 	 3.32976e-11 	 2.8952e-30 	 -0.0933442 
41.2098 	 1.85226e+15 	 3.36066e-11 	 2.89211e-30 	 -0.0918015 
41.6869 	 1.86746e+15 	 3.39197e-11 	 2.88908e-30 	 -0.0902835 
42.1697 	 1.88298e+15 	 3.42371e-11 	 2.88611e-30 	 -0.0887897 
42.658 	 1.89882e+15 	 3.45587e-11 	 2.88318e-30 	 -0.0873197 
43.1519 	 1.915e+15 	 3.48847e-11 	 2.88031e-30 	 -0.0858733 
43.6516 	 1.93152e+15 	 3.5215e-11 	 2.87749e-30 	 -0.08445 
44.157 	 1.94839e+15 	 3.55497e-11 	 2.87471e-30 	 -0.0830496 
44.6684 	 1.96561e+15 	 3.58888e-11 	 2.87199e-30 	 -0.0816716 
45.1856 	 1.98321e+15 	 3.62325e-11 	 2.86931e-30 	 -0.0803157 
45.7088 	 2.00118e+15 	 3.65806e-11 	 2.86668e-30 	 -0.0789817 
46.2381 	 2.01953e+15 	 3.69334e-11 	 2.8641e-30 	 -0.0776691 
46.7735 	 2.03827e+15 	 3.72907e-11 	 2.86156e-30 	 -0.0763777 
47.3151 	 2.05741e+15 	 3.76528e-11 	 2.85907e-30 	 -0.0751072 
47.863 	 2.07697e+15 	 3.80195e-11 	 2.85662e-30 	 -0.0738572 
48.4172 	 2.09694e+15 	 3.8391e-11 	 2.85421e-30 	 -0.0726273 
48.9779 	 2.11734e+15 	 3.87674e-11 	 2.85184e-30 	 -0.0714174 
49.545 	 2.13818e+15 	 3.91486e-11 	 2.84952e-30 	 -0.0702271 
50.1187 	 2.15947e+15 	 3.95347e-11 	 2.84724e-30 	 -0.0690561 
50.6991 	 2.18122e+15 	 3.99259e-11 	 2.84499e-30 	 -0.0679041 
51.2861 	 2.20344e+15 	 4.0322e-11 	 2.84279e-30 	 -0.0667708 
51.88 	 2.22614e+15 	 4.07232e-11 	 2.84062e-30 	 -0.065656 
52.4807 	 2.24933e+15 	 4.11296e-11 	 2.83849e-30 	 -0.0645593 
53.0884 	 2.27303e+15 	 4.15411e-11 	 2.8364e-30 	 -0.0634804 
53.7032 	 2.29723e+15 	 4.19579e-11 	 2.83435e-30 	 -0.0624192 
54.325 	 2.32197e+15 	 4.238e-11 	 2.83233e-30 	 -0.0613753 
54.9541 	 2.34724e+15 	 4.28074e-11 	 2.83035e-30 	 -0.0603484 
55.5904 	 2.37307e+15 	 4.32403e-11 	 2.8284e-30 	 -0.0593383 
56.2341 	 2.39945e+15 	 4.36786e-11 	 2.82648e-30 	 -0.0583447 
56.8853 	 2.42642e+15 	 4.41224e-11 	 2.8246e-30 	 -0.0573674 
57.544 	 2.45397e+15 	 4.45719e-11 	 2.82275e-30 	 -0.0564061 
58.2103 	 2.48213e+15 	 4.5027e-11 	 2.82093e-30 	 -0.0554606 
58.8844 	 2.5109e+15 	 4.54877e-11 	 2.81915e-30 	 -0.0545306 
59.5662 	 2.54031e+15 	 4.59543e-11 	 2.81739e-30 	 -0.0536158 
60.256 	 2.57036e+15 	 4.64267e-11 	 2.81567e-30 	 -0.0527161 
60.9537 	 2.60108e+15 	 4.6905e-11 	 2.81397e-30 	 -0.0518312 
61.6595 	 2.63246e+15 	 4.73893e-11 	 2.81231e-30 	 -0.0509609 
62.3735 	 2.66454e+15 	 4.78796e-11 	 2.81067e-30 	 -0.0501048 
63.0957 	 2.69733e+15 	 4.83759e-11 	 2.80907e-30 	 -0.0492629 
63.8263 	 2.73084e+15 	 4.88785e-11 	 2.80749e-30 	 -0.0484349 
64.5654 	 2.7651e+15 	 4.93873e-11 	 2.80594e-30 	 -0.0476205 
65.3131 	 2.80011e+15 	 4.99023e-11 	 2.80441e-30 	 -0.0468196 
66.0693 	 2.83589e+15 	 5.04237e-11 	 2.80291e-30 	 -0.0460319 
66.8344 	 2.87247e+15 	 5.09516e-11 	 2.80144e-30 	 -0.0452572 
67.6083 	 2.90986e+15 	 5.1486e-11 	 2.79999e-30 	 -0.0444954 
68.3912 	 2.94808e+15 	 5.20269e-11 	 2.79857e-30 	 -0.0437461 
69.1831 	 2.98715e+15 	 5.25745e-11 	 2.79717e-30 	 -0.0430093 
69.9842 	 3.02708e+15 	 5.31288e-11 	 2.7958e-30 	 -0.0422847 
70.7946 	 3.06791e+15 	 5.36899e-11 	 2.79445e-30 	 -0.041572 
71.6143 	 3.10965e+15 	 5.42579e-11 	 2.79313e-30 	 -0.0408712 
72.4436 	 3.15231e+15 	 5.48328e-11 	 2.79182e-30 	 -0.0401821 
73.2825 	 3.19593e+15 	 5.54148e-11 	 2.79054e-30 	 -0.0395043 
74.131 	 3.24052e+15 	 5.60038e-11 	 2.78929e-30 	 -0.0388379 
74.9894 	 3.28611e+15 	 5.66001e-11 	 2.78805e-30 	 -0.0381825 
75.8578 	 3.33271e+15 	 5.72036e-11 	 2.78683e-30 	 -0.037538 
76.7361 	 3.38036e+15 	 5.78144e-11 	 2.78564e-30 	 -0.0369043 
77.6247 	 3.42908e+15 	 5.84327e-11 	 2.78447e-30 	 -0.0362811 
78.5236 	 3.47888e+15 	 5.90584e-11 	 2.78331e-30 	 -0.0356682 
79.4328 	 3.52981e+15 	 5.96918e-11 	 2.78218e-30 	 -0.0350656 
80.3526 	 3.58188e+15 	 6.03329e-11 	 2.78107e-30 	 -0.034473 
81.2831 	 3.63511e+15 	 6.09817e-11 	 2.77997e-30 	 -0.0338904 
82.2243 	 3.68954e+15 	 6.16383e-11 	 2.7789e-30 	 -0.0333174 
83.1764 	 3.7452e+15 	 6.23029e-11 	 2.77784e-30 	 -0.032754 
84.1395 	 3.8021e+15 	 6.29755e-11 	 2.7768e-30 	 -0.0322 
85.1138 	 3.86029e+15 	 6.36562e-11 	 2.77578e-30 	 -0.0316553 
86.0994 	 3.91979e+15 	 6.43452e-11 	 2.77478e-30 	 -0.0311197 
87.0964 	 3.98063e+15 	 6.50424e-11 	 2.7738e-30 	 -0.030593 
88.1049 	 4.04284e+15 	 6.5748e-11 	 2.77283e-30 	 -0.0300751 
89.1251 	 4.10645e+15 	 6.64622e-11 	 2.77187e-30 	 -0.029566 
90.1571 	 4.1715e+15 	 6.71849e-11 	 2.77094e-30 	 -0.0290653 
91.2011 	 4.23802e+15 	 6.79162e-11 	 2.77002e-30 	 -0.028573 
92.2571 	 4.30605e+15 	 6.86564e-11 	 2.76912e-30 	 -0.028089 
93.3254 	 4.37561e+15 	 6.94054e-11 	 2.76823e-30 	 -0.0276131 
94.4061 	 4.44674e+15 	 7.01634e-11 	 2.76736e-30 	 -0.0271451 
95.4993 	 4.51948e+15 	 7.09305e-11 	 2.7665e-30 	 -0.026685 
96.6051 	 4.59388e+15 	 7.17068e-11 	 2.76566e-30 	 -0.0262327 
97.7237 	 4.66995e+15 	 7.24923e-11 	 2.76483e-30 	 -0.0257879 
98.8553 	 4.74775e+15 	 7.32873e-11 	 2.76402e-30 	 -0.0253506 
100 	 4.82732e+15 	 7.40917e-11 	 2.76322e-30 	 -0.0249206 
101.158 	 4.90869e+15 	 7.49058e-11 	 2.76243e-30 	 -0.0244979 
102.329 	 4.99191e+15 	 7.57295e-11 	 2.76166e-30 	 -0.0240823 
103.514 	 5.07701e+15 	 7.65631e-11 	 2.7609e-30 	 -0.0236736 
104.713 	 5.16405e+15 	 7.74066e-11 	 2.76015e-30 	 -0.0232719 
105.925 	 5.25307e+15 	 7.82602e-11 	 2.75942e-30 	 -0.0228768 
107.152 	 5.34412e+15 	 7.91239e-11 	 2.7587e-30 	 -0.0224885 
108.393 	 5.43723e+15 	 7.99979e-11 	 2.75799e-30 	 -0.0221067 
109.648 	 5.53247e+15 	 8.08822e-11 	 2.7573e-30 	 -0.0217313 
110.917 	 5.62987e+15 	 8.17771e-11 	 2.75661e-30 	 -0.0213622 
112.202 	 5.72949e+15 	 8.26827e-11 	 2.75594e-30 	 -0.0209993 
113.501 	 5.83138e+15 	 8.35989e-11 	 2.75528e-30 	 -0.0206426 
114.815 	 5.93559e+15 	 8.45261e-11 	 2.75463e-30 	 -0.0202919 
116.145 	 6.04218e+15 	 8.54642e-11 	 2.75399e-30 	 -0.019947 
117.49 	 6.1512e+15 	 8.64135e-11 	 2.75336e-30 	 -0.019608 
118.85 	 6.26271e+15 	 8.7374e-11 	 2.75275e-30 	 -0.0192748 
120.226 	 6.37676e+15 	 8.83459e-11 	 2.75214e-30 	 -0.0189471 
121.619 	 6.49342e+15 	 8.93293e-11 	 2.75155e-30 	 -0.018625 
123.027 	 6.61274e+15 	 9.03244e-11 	 2.75096e-30 	 -0.0183083 
124.451 	 6.73479e+15 	 9.13312e-11 	 2.75039e-30 	 -0.017997 
125.893 	 6.85963e+15 	 9.23499e-11 	 2.74982e-30 	 -0.0176909 
127.35 	 6.98733e+15 	 9.33807e-11 	 2.74927e-30 	 -0.01739 
128.825 	 7.11794e+15 	 9.44237e-11 	 2.74872e-30 	 -0.0170942 
130.317 	 7.25155e+15 	 9.54789e-11 	 2.74819e-30 	 -0.0168033 
131.826 	 7.38821e+15 	 9.65466e-11 	 2.74766e-30 	 -0.0165174 
133.352 	 7.528e+15 	 9.7627e-11 	 2.74714e-30 	 -0.0162364 
134.896 	 7.67099e+15 	 9.872e-11 	 2.74663e-30 	 -0.01596 
136.458 	 7.81726e+15 	 9.9826e-11 	 2.74613e-30 	 -0.0156884 
138.038 	 7.96688e+15 	 1.00945e-10 	 2.74564e-30 	 -0.0154214 
139.637 	 8.11993e+15 	 1.02077e-10 	 2.74516e-30 	 -0.0151588 
141.254 	 8.27649e+15 	 1.03223e-10 	 2.74468e-30 	 -0.0149007 
142.889 	 8.43664e+15 	 1.04382e-10 	 2.74421e-30 	 -0.014647 
144.544 	 8.60046e+15 	 1.05554e-10 	 2.74376e-30 	 -0.0143976 
146.218 	 8.76805e+15 	 1.06741e-10 	 2.74331e-30 	 -0.0141524 
147.911 	 8.93947e+15 	 1.07941e-10 	 2.74286e-30 	 -0.0139114 
149.624 	 9.11484e+15 	 1.09156e-10 	 2.74243e-30 	 -0.0136744 
151.356 	 9.29423e+15 	 1.10385e-10 	 2.742e-30 	 -0.0134415 
153.109 	 9.47774e+15 	 1.11628e-10 	 2.74158e-30 	 -0.0132125 
154.882 	 9.66547e+15 	 1.12886e-10 	 2.74116e-30 	 -0.0129874 
156.675 	 9.85752e+15 	 1.14159e-10 	 2.74076e-30 	 -0.0127661 
158.489 	 1.0054e+16 	 1.15446e-10 	 2.74036e-30 	 -0.0125486 
160.325 	 1.0255e+16 	 1.16749e-10 	 2.73997e-30 	 -0.0123347 
162.181 	 1.04605e+16 	 1.18067e-10 	 2.73958e-30 	 -0.0121245 
164.059 	 1.06709e+16 	 1.19401e-10 	 2.7392e-30 	 -0.0119178 
165.959 	 1.0886e+16 	 1.2075e-10 	 2.73883e-30 	 -0.0117147 
167.88 	 1.11062e+16 	 1.22115e-10 	 2.73846e-30 	 -0.011515 
169.824 	 1.13313e+16 	 1.23496e-10 	 2.7381e-30 	 -0.0113187 
171.791 	 1.15617e+16 	 1.24893e-10 	 2.73775e-30 	 -0.0111257 
173.78 	 1.17974e+16 	 1.26307e-10 	 2.7374e-30 	 -0.010936 
175.792 	 1.20385e+16 	 1.27737e-10 	 2.73706e-30 	 -0.0107495 
177.828 	 1.22851e+16 	 1.29184e-10 	 2.73672e-30 	 -0.0105662 
179.887 	 1.25375e+16 	 1.30648e-10 	 2.73639e-30 	 -0.010386 
181.97 	 1.27956e+16 	 1.32129e-10 	 2.73607e-30 	 -0.0102089 
184.077 	 1.30597e+16 	 1.33627e-10 	 2.73575e-30 	 -0.0100347 
186.209 	 1.33299e+16 	 1.35143e-10 	 2.73544e-30 	 -0.00986357 
188.365 	 1.36063e+16 	 1.36677e-10 	 2.73513e-30 	 -0.00969531 
190.546 	 1.38891e+16 	 1.38228e-10 	 2.73483e-30 	 -0.00952991 
192.752 	 1.41784e+16 	 1.39798e-10 	 2.73453e-30 	 -0.00936732 
194.984 	 1.44744e+16 	 1.41386e-10 	 2.73424e-30 	 -0.00920749 
197.242 	 1.47773e+16 	 1.42993e-10 	 2.73395e-30 	 -0.00905039 
199.526 	 1.50871e+16 	 1.44618e-10 	 2.73367e-30 	 -0.00889595 
201.837 	 1.5404e+16 	 1.46263e-10 	 2.73339e-30 	 -0.00874414 
204.174 	 1.57283e+16 	 1.47926e-10 	 2.73312e-30 	 -0.00859492 
206.538 	 1.60601e+16 	 1.4961e-10 	 2.73285e-30 	 -0.00844823 
208.93 	 1.63995e+16 	 1.51312e-10 	 2.73259e-30 	 -0.00830404 
211.349 	 1.67467e+16 	 1.53035e-10 	 2.73233e-30 	 -0.0081623 
213.796 	 1.7102e+16 	 1.54778e-10 	 2.73207e-30 	 -0.00802297 
216.272 	 1.74655e+16 	 1.56541e-10 	 2.73182e-30 	 -0.00788602 
218.776 	 1.78374e+16 	 1.58325e-10 	 2.73158e-30 	 -0.00775139 
221.309 	 1.82179e+16 	 1.6013e-10 	 2.73133e-30 	 -0.00761906 
223.872 	 1.86072e+16 	 1.61955e-10 	 2.7311e-30 	 -0.00748898 
226.464 	 1.90054e+16 	 1.63802e-10 	 2.73086e-30 	 -0.00736111 
229.087 	 1.94129e+16 	 1.65671e-10 	 2.73063e-30 	 -0.00723543 
231.739 	 1.98298e+16 	 1.67561e-10 	 2.73041e-30 	 -0.00711188 
234.423 	 2.02564e+16 	 1.69474e-10 	 2.73019e-30 	 -0.00699043 
237.137 	 2.06928e+16 	 1.71409e-10 	 2.72997e-30 	 -0.00687106 
239.883 	 2.11393e+16 	 1.73366e-10 	 2.72975e-30 	 -0.00675372 
242.661 	 2.15961e+16 	 1.75346e-10 	 2.72954e-30 	 -0.00663837 
245.471 	 2.20635e+16 	 1.77349e-10 	 2.72934e-30 	 -0.006525 
248.313 	 2.25417e+16 	 1.79376e-10 	 2.72913e-30 	 -0.00641355 
251.189 	 2.3031e+16 	 1.81426e-10 	 2.72893e-30 	 -0.006304 
254.097 	 2.35316e+16 	 1.835e-10 	 2.72874e-30 	 -0.00619632 
257.04 	 2.40438e+16 	 1.85599e-10 	 2.72855e-30 	 -0.00609048 
260.016 	 2.45678e+16 	 1.87721e-10 	 2.72836e-30 	 -0.00598643 
263.027 	 2.5104e+16 	 1.89869e-10 	 2.72817e-30 	 -0.00588417 
266.073 	 2.56526e+16 	 1.92041e-10 	 2.72799e-30 	 -0.00578364 
269.153 	 2.62139e+16 	 1.94239e-10 	 2.72781e-30 	 -0.00568483 
272.27 	 2.67882e+16 	 1.96463e-10 	 2.72763e-30 	 -0.0055877 
275.423 	 2.73758e+16 	 1.98712e-10 	 2.72746e-30 	 -0.00549223 
278.612 	 2.7977e+16 	 2.00988e-10 	 2.72728e-30 	 -0.00539839 
281.838 	 2.85921e+16 	 2.0329e-10 	 2.72712e-30 	 -0.00530615 
285.102 	 2.92215e+16 	 2.05618e-10 	 2.72695e-30 	 -0.00521548 
288.403 	 2.98655e+16 	 2.07974e-10 	 2.72679e-30 	 -0.00512636 
291.743 	 3.05244e+16 	 2.10358e-10 	 2.72663e-30 	 -0.00503875 
295.121 	 3.11985e+16 	 2.12769e-10 	 2.72647e-30 	 -0.00495264 
298.538 	 3.18883e+16 	 2.15208e-10 	 2.72632e-30 	 -0.004868 
301.995 	 3.25941e+16 	 2.17676e-10 	 2.72617e-30 	 -0.00478481 
305.492 	 3.33162e+16 	 2.20172e-10 	 2.72602e-30 	 -0.00470303 
309.03 	 3.4055e+16 	 2.22697e-10 	 2.72587e-30 	 -0.00462265 
312.608 	 3.4811e+16 	 2.25252e-10 	 2.72573e-30 	 -0.00454364 
316.228 	 3.55846e+16 	 2.27837e-10 	 2.72559e-30 	 -0.00446598 
319.89 	 3.6376e+16 	 2.30451e-10 	 2.72545e-30 	 -0.00438964 
323.594 	 3.71858e+16 	 2.33096e-10 	 2.72531e-30 	 -0.00431461 
327.341 	 3.80144e+16 	 2.35772e-10 	 2.72518e-30 	 -0.00424085 
331.131 	 3.88622e+16 	 2.38479e-10 	 2.72504e-30 	 -0.00416836 
334.965 	 3.97297e+16 	 2.41217e-10 	 2.72492e-30 	 -0.0040971 
338.844 	 4.06173e+16 	 2.43987e-10 	 2.72479e-30 	 -0.00402706 
342.768 	 4.15255e+16 	 2.4679e-10 	 2.72466e-30 	 -0.00395822 
346.737 	 4.24547e+16 	 2.49625e-10 	 2.72454e-30 	 -0.00389055 
350.752 	 4.34055e+16 	 2.52493e-10 	 2.72442e-30 	 -0.00382403 
354.813 	 4.43784e+16 	 2.55394e-10 	 2.7243e-30 	 -0.00375865 
358.922 	 4.53738e+16 	 2.58329e-10 	 2.72418e-30 	 -0.00369439 
363.078 	 4.63924e+16 	 2.61298e-10 	 2.72407e-30 	 -0.00363122 
367.282 	 4.74346e+16 	 2.64302e-10 	 2.72395e-30 	 -0.00356914 
371.535 	 4.85009e+16 	 2.6734e-10 	 2.72384e-30 	 -0.00350811 
375.837 	 4.9592e+16 	 2.70414e-10 	 2.72373e-30 	 -0.00344812 
380.189 	 5.07085e+16 	 2.73524e-10 	 2.72363e-30 	 -0.00338916 
384.592 	 5.18509e+16 	 2.76669e-10 	 2.72352e-30 	 -0.00333121 
389.045 	 5.30197e+16 	 2.79852e-10 	 2.72342e-30 	 -0.00327424 
393.55 	 5.42157e+16 	 2.83071e-10 	 2.72332e-30 	 -0.00321825 
398.107 	 5.54395e+16 	 2.86327e-10 	 2.72322e-30 	 -0.00316322 
402.717 	 5.66917e+16 	 2.89622e-10 	 2.72312e-30 	 -0.00310912 
407.38 	 5.7973e+16 	 2.92955e-10 	 2.72302e-30 	 -0.00305595 
412.098 	 5.9284e+16 	 2.96326e-10 	 2.72293e-30 	 -0.00300369 
416.869 	 6.06255e+16 	 2.99737e-10 	 2.72283e-30 	 -0.00295232 
421.697 	 6.19981e+16 	 3.03187e-10 	 2.72274e-30 	 -0.00290183 
426.58 	 6.34026e+16 	 3.06677e-10 	 2.72265e-30 	 -0.0028522 
431.519 	 6.48397e+16 	 3.10208e-10 	 2.72256e-30 	 -0.00280342 
436.516 	 6.63102e+16 	 3.1378e-10 	 2.72248e-30 	 -0.00275547 
441.57 	 6.78149e+16 	 3.17393e-10 	 2.72239e-30 	 -0.00270834 
446.684 	 6.93545e+16 	 3.21049e-10 	 2.72231e-30 	 -0.00266202 
451.856 	 7.09299e+16 	 3.24746e-10 	 2.72222e-30 	 -0.00261649 
457.088 	 7.25418e+16 	 3.28487e-10 	 2.72214e-30 	 -0.00257173 
462.381 	 7.41913e+16 	 3.32271e-10 	 2.72206e-30 	 -0.00252774 
467.735 	 7.5879e+16 	 3.36099e-10 	 2.72198e-30 	 -0.00248451 
473.151 	 7.76059e+16 	 3.39972e-10 	 2.72191e-30 	 -0.00244201 
478.63 	 7.9373e+16 	 3.43889e-10 	 2.72183e-30 	 -0.00240023 
484.172 	 8.11812e+16 	 3.47852e-10 	 2.72176e-30 	 -0.00235918 
489.779 	 8.30313e+16 	 3.51861e-10 	 2.72168e-30 	 -0.00231882 
495.45 	 8.49245e+16 	 3.55916e-10 	 2.72161e-30 	 -0.00227915 
501.187 	 8.68616e+16 	 3.60019e-10 	 2.72154e-30 	 -0.00224016 
506.991 	 8.88438e+16 	 3.64169e-10 	 2.72147e-30 	 -0.00220184 
512.861 	 9.0872e+16 	 3.68367e-10 	 2.7214e-30 	 -0.00216417 
518.8 	 9.29474e+16 	 3.72614e-10 	 2.72133e-30 	 -0.00212715 
524.807 	 9.5071e+16 	 3.76911e-10 	 2.72127e-30 	 -0.00209076 
530.884 	 9.7244e+16 	 3.81257e-10 	 2.7212e-30 	 -0.00205499 
537.032 	 9.94674e+16 	 3.85653e-10 	 2.72114e-30 	 -0.00201983 
543.25 	 1.01743e+17 	 3.90101e-10 	 2.72108e-30 	 -0.00198528 
549.541 	 1.04071e+17 	 3.946e-10 	 2.72102e-30 	 -0.00195131 
555.904 	 1.06453e+17 	 3.99151e-10 	 2.72095e-30 	 -0.00191793 
562.341 	 1.0889e+17 	 4.03756e-10 	 2.7209e-30 	 -0.00188511 
568.853 	 1.11385e+17 	 4.08413e-10 	 2.72084e-30 	 -0.00185286 
575.44 	 1.13937e+17 	 4.13125e-10 	 2.72078e-30 	 -0.00182116 
582.103 	 1.16548e+17 	 4.17891e-10 	 2.72072e-30 	 -0.00179 
588.844 	 1.19221e+17 	 4.22713e-10 	 2.72067e-30 	 -0.00175937 
595.662 	 1.21955e+17 	 4.2759e-10 	 2.72061e-30 	 -0.00172927 
602.56 	 1.24753e+17 	 4.32525e-10 	 2.72056e-30 	 -0.00169968 
609.537 	 1.27616e+17 	 4.37516e-10 	 2.72051e-30 	 -0.0016706 
616.595 	 1.30546e+17 	 4.42565e-10 	 2.72045e-30 	 -0.00164202 
623.735 	 1.33543e+17 	 4.47673e-10 	 2.7204e-30 	 -0.00161392 
630.957 	 1.36611e+17 	 4.5284e-10 	 2.72035e-30 	 -0.0015863 
638.263 	 1.3975e+17 	 4.58067e-10 	 2.7203e-30 	 -0.00155916 
645.654 	 1.42961e+17 	 4.63355e-10 	 2.72026e-30 	 -0.00153248 
653.131 	 1.46248e+17 	 4.68704e-10 	 2.72021e-30 	 -0.00150626 
660.693 	 1.49611e+17 	 4.74115e-10 	 2.72016e-30 	 -0.00148048 
668.344 	 1.53052e+17 	 4.79588e-10 	 2.72012e-30 	 -0.00145515 
676.083 	 1.56573e+17 	 4.85126e-10 	 2.72007e-30 	 -0.00143025 
683.912 	 1.60176e+17 	 4.90727e-10 	 2.72003e-30 	 -0.00140577 
691.831 	 1.63863e+17 	 4.96393e-10 	 2.71998e-30 	 -0.00138172 
699.842 	 1.67636e+17 	 5.02126e-10 	 2.71994e-30 	 -0.00135807 
707.946 	 1.71496e+17 	 5.07924e-10 	 2.7199e-30 	 -0.00133483 
716.143 	 1.75446e+17 	 5.1379e-10 	 2.71986e-30 	 -0.00131199 
724.436 	 1.79488e+17 	 5.19724e-10 	 2.71981e-30 	 -0.00128954 
732.825 	 1.83624e+17 	 5.25726e-10 	 2.71977e-30 	 -0.00126747 
741.31 	 1.87857e+17 	 5.31798e-10 	 2.71974e-30 	 -0.00124578 
749.894 	 1.92188e+17 	 5.37941e-10 	 2.7197e-30 	 -0.00122446 
758.578 	 1.96619e+17 	 5.44155e-10 	 2.71966e-30 	 -0.00120351 
767.361 	 2.01154e+17 	 5.50441e-10 	 2.71962e-30 	 -0.00118291 
776.247 	 2.05794e+17 	 5.56799e-10 	 2.71958e-30 	 -0.00116267 
785.236 	 2.10542e+17 	 5.63232e-10 	 2.71955e-30 	 -0.00114277 
794.328 	 2.15401e+17 	 5.69739e-10 	 2.71951e-30 	 -0.00112321 
803.526 	 2.20372e+17 	 5.76321e-10 	 2.71948e-30 	 -0.00110399 
812.831 	 2.25459e+17 	 5.8298e-10 	 2.71944e-30 	 -0.0010851 
822.243 	 2.30665e+17 	 5.89716e-10 	 2.71941e-30 	 -0.00106653 
831.764 	 2.35992e+17 	 5.9653e-10 	 2.71938e-30 	 -0.00104827 
841.395 	 2.41442e+17 	 6.03423e-10 	 2.71934e-30 	 -0.00103033 
851.138 	 2.4702e+17 	 6.10396e-10 	 2.71931e-30 	 -0.0010127 
860.994 	 2.52727e+17 	 6.1745e-10 	 2.71928e-30 	 -0.000995366 
870.964 	 2.58567e+17 	 6.24585e-10 	 2.71925e-30 	 -0.00097833 
881.049 	 2.64543e+17 	 6.31804e-10 	 2.71922e-30 	 -0.000961586 
891.251 	 2.70659e+17 	 6.39105e-10 	 2.71919e-30 	 -0.000945128 
901.571 	 2.76916e+17 	 6.46492e-10 	 2.71916e-30 	 -0.000928952 
912.011 	 2.83319e+17 	 6.53964e-10 	 2.71913e-30 	 -0.000913053 
922.571 	 2.89871e+17 	 6.61523e-10 	 2.7191e-30 	 -0.000897426 
933.254 	 2.96575e+17 	 6.69169e-10 	 2.71908e-30 	 -0.000882066 
944.061 	 3.03436e+17 	 6.76904e-10 	 2.71905e-30 	 -0.000866969 
954.993 	 3.10456e+17 	 6.84729e-10 	 2.71902e-30 	 -0.00085213 
966.051 	 3.1764e+17 	 6.92644e-10 	 2.71899e-30 	 -3.84389 
977.237 	 3.2499e+17 	 7.00651e-10 	 2.48871e-30 	 -8.06014 
988.553 	 3.32512e+17 	 7.04678e-10 	 2.25843e-30 	 -8.43335 
